Epoch	AverageEpRet	StdEpRet	MaxEpRet	MinEpRet	AverageEpCost	StdEpCost	MaxEpCost	MinEpCost	EpLen	CumulativeCost	CostRate	AverageVVals	StdVVals	MaxVVals	MinVVals	AverageCostVVals	StdCostVVals	MaxCostVVals	MinCostVVals	LossPi	DeltaLossPi	SurrCost	DeltaSurrCost	LossV	DeltaLossV	LossVC	DeltaLossVC	Penalty	DeltaPenalty	StopIter	Entropy	KL	TotalEnvInteracts	Time
0	0.04879229	0.8937389	2.057545	-1.5326977	105.458336	96.660904	361.0	0.0	1000.0	2978.0	0.09926666666666667	0.2516921	0.2749657	1.2190032	-0.7349566	-0.57938886	0.30681315	0.7707206	-1.5275853	2.514571e-08	0.017699802	-1.3411045e-07	-0.012080107	0.14930046	-0.1128378	356.83377	-124.58255	0	0	1.0	1.837877	0.034696996	30000	74.59422039985657
1	0.082288444	0.63835526	1.139168	-1.3288596	127.708336	149.50934	496.0	0.0	1000.0	6380.0	0.10633333333333334	0.052120347	0.08359158	0.34663558	-0.30858028	10.02909	3.1869318	17.62787	-4.1561017	3.7252903e-09	0.06506616	0.0	0.009340855	0.017854027	-0.004239913	420.27304	-55.1657	0	0	1.0	1.8383852	0.09333366	60000	144.59239768981934
2	0.33141482	0.75467885	2.2341876	-0.9408966	99.625	97.25002	338.0	0.0	1000.0	9897.0	0.10996666666666667	0.0154636605	0.06936055	0.3751042	-0.31250647	10.889621	6.2685237	26.298899	-15.924626	-1.8626451e-08	-0.014747238	-5.9604645e-08	0.0041915923	0.049750894	-0.014084706	336.59613	-83.28433	0	0	79.0	1.839309	0.007396161	90000	229.85113286972046
3	0.41678604	1.0985229	2.1876001	-1.6780472	151.91667	132.90877	463.0	0.0	1000.0	14300.0	0.11916666666666667	0.042673226	0.16024363	0.6161735	-0.58723813	12.087128	7.4597116	33.2199	-15.864893	-1.3038516e-08	0.00022282079	-2.9802322e-08	0.011050817	0.043251105	-0.0075985044	376.9707	-72.47977	0	0	6.0	1.8251934	0.006780496	120000	301.69691252708435
4	0.2889996	1.0418099	2.313039	-1.3377866	151.91667	106.87528	473.0	0.0	1000.0	18210.0	0.1214	0.05466002	0.15762724	0.62527037	-0.4678	14.719699	6.6929793	40.57266	-6.2670074	-1.5832484e-08	-0.001853741	-1.1920929e-07	9.002909e-05	0.041251868	-0.0055985805	241.3778	-50.555058	0	0	1.0	1.8235792	0.0024303095	150000	371.20102739334106
5	0.319915	1.002541	2.2560134	-1.3076882	130.66667	69.374985	309.0	42.0	1000.0	21911.0	0.12172777777777778	0.037420027	0.15826774	0.71805316	-0.4565028	15.095414	7.3477736	42.56391	-8.10696	-3.7252903e-09	-0.0011753367	-5.2154064e-08	-0.005222803	0.04197679	-0.008203579	248.67307	-40.314934	0	0	1.0	1.8231537	0.0019193708	180000	440.78420329093933
6	1.098035	1.0626589	3.924383	-0.43717933	180.125	127.713974	426.0	0.0	1000.0	26658.0	0.12694285714285714	0.048645664	0.1838436	0.8937861	-0.50468373	13.581397	7.3306427	44.189167	-9.293048	1.4901161e-08	-0.0013167758	7.4505806e-08	-0.0015904419	0.039750993	-0.008603117	357.80756	-105.4522	0	0	1.0	1.8226228	0.0016648717	210000	510.51432275772095
7	1.235945	1.5462946	5.0149846	-1.4650042	159.625	119.920395	408.0	19.0	1000.0	31765.0	0.13235416666666666	0.09463252	0.15954247	0.77994126	-0.4166827	16.427414	11.954888	57.880222	-12.482612	1.6298145e-08	-0.015806952	1.4901161e-07	0.017710555	0.057267427	-0.012441924	401.50977	-125.48205	0	0	79.0	1.8218704	0.0071839886	240000	594.611026763916
8	1.7450485	1.2278352	4.669258	-0.5730341	200.125	102.7551	488.0	38.0	1000.0	37309.0	0.1381814814814815	0.13447471	0.20147449	1.3315626	-0.44775596	17.72979	8.737476	64.40916	-4.153498	5.5879354e-09	-0.015980177	1.3038516e-07	-0.0057922956	0.058946148	-0.01264078	386.84644	-108.31721	0	0	79.0	1.7888279	0.0071731	270000	678.034303188324
9	2.463539	1.9656824	7.5342393	-1.4952866	179.375	135.08047	574.0	0.0	1000.0	42975.0	0.14325	0.19823559	0.22513933	1.5273466	-0.35794252	21.926373	11.224301	62.70685	-5.4744105	2.7939677e-09	-0.01718613	-1.4901161e-07	-1.1656433e-05	0.07701343	-0.017634407	380.64255	-131.85406	0	0	79.0	1.759657	0.007661715	300000	761.9082655906677
10	3.1381395	1.7891934	6.6607533	-0.4624025	172.04167	92.887695	413.0	0.0	1000.0	47797.0	0.14483939393939393	0.27199236	0.25108397	1.521075	-0.35178974	18.449886	10.684558	67.96978	-0.39755607	1.0244548e-08	-0.016880866	-2.9802322e-08	-0.0004657386	0.06511067	-0.015313137	289.8158	-90.18196	0	0	79.0	1.7286336	0.0076181674	330000	845.7069962024689
11	3.8431377	1.6572927	7.130515	1.467745	157.83333	88.79408	354.0	8.0	1000.0	52292.0	0.14525555555555555	0.35059944	0.30102116	1.6856622	-0.24344781	17.07335	10.429196	63.933414	-5.8271885	7.450581e-09	-0.018267758	5.9604645e-08	-0.0017193742	0.068767294	-0.015553016	273.74078	-81.78563	0	0	79.0	1.7015619	0.007268938	360000	930.3384668827057
12	4.2530594	2.529234	8.50768	-1.303632	146.95833	120.06925	435.0	0.0	1000.0	56534.0	0.14495897435897437	0.3740953	0.2759399	1.4565731	-0.27137116	16.255707	9.500341	60.11283	-2.9334908	3.7252903e-09	-0.019275092	5.9604645e-08	0.0069579454	0.08616508	-0.022247415	298.10474	-108.4553	0	0	79.0	1.6912959	0.008739645	390000	1014.0277945995331
13	5.258253	2.3452258	9.679734	0.49644518	167.75	108.47782	359.0	0.0	1000.0	61608.0	0.14668571428571428	0.44748282	0.33043772	1.841338	-0.23803078	14.231164	11.634781	78.831024	-17.391506	-1.6763806e-08	-0.014458479	1.4901161e-07	0.0124207195	0.08667913	-0.020736985	339.39468	-126.23547	0	0	73.0	1.6457734	0.010030498	420000	1096.3185014724731
14	5.705172	2.3987484	9.787253	0.17338732	162.20833	116.0614	414.0	6.0	1000.0	66535.0	0.14785555555555555	0.5380569	0.35359445	1.8801131	-0.089276314	18.928858	10.804033	70.32267	1.6059783	-5.5879354e-09	-0.018805627	-7.4505806e-08	0.0069317822	0.07201752	-0.01652535	321.25226	-104.63854	0	0	79.0	1.6180499	0.0075820833	450000	1180.0540115833282
15	6.1217904	1.956433	10.099799	2.6549172	133.41667	93.78784	377.0	0.0	1000.0	70899.0	0.14770625	0.5749027	0.3350372	1.9003834	-0.12039448	16.516079	9.307787	61.827396	-2.1212068	3.259629e-09	-0.017602082	0.0	-0.00095020514	0.073275805	-0.021230664	264.45865	-96.73911	0	0	79.0	1.5778747	0.009390261	480000	1265.7526037693024
16	7.871706	2.214348	12.796641	4.6833534	177.04167	102.01775	382.0	19.0	1000.0	76450.0	0.14990196078431373	0.6876681	0.35951382	1.9663987	-0.087137684	15.84814	10.713302	65.6107	-5.204874	3.7252903e-09	-0.003135492	5.9604645e-08	0.0015401933	0.102228224	-0.03274191	337.7786	-146.47058	0	0	4.0	1.536564	0.0021100054	510000	1336.2881422042847
17	7.833998	2.1679475	11.759816	2.3594987	154.91667	84.49059	311.0	9.0	1000.0	81586.0	0.15108518518518518	0.8123749	0.37516078	2.0778885	0.010974137	19.515314	12.765081	72.17979	-5.717936	8.381903e-09	-0.019410774	0.0	-0.0033061244	0.07241871	-0.024011977	259.54584	-117.52754	0	0	79.0	1.5338769	0.008348234	540000	1420.3460958003998
18	9.385234	2.1549692	13.977346	5.5971074	218.0	113.903465	528.0	75.0	1000.0	87831.0	0.15408947368421053	0.8619892	0.38088802	1.9514724	0.05301711	16.856657	12.2838	71.39821	-4.8958983	-1.1175871e-08	-0.0058116615	3.7252903e-08	-0.012367355	0.1067211	-0.034702796	340.52698	-150.8258	0	0	11.0	1.4913442	0.0073839966	570000	1492.512588262558
19	8.811091	2.4082289	12.348755	2.3547828	169.29167	84.620964	296.0	0.0	1000.0	93019.0	0.15503166666666668	0.8967367	0.4144195	2.036086	0.04964646	21.693262	12.375752	77.3663	-5.624899	-3.7252903e-09	0.011795097	-9.685755e-08	0.001516331	0.1066903	-0.034421343	300.37793	-131.91069	0	0	3.0	1.4818525	0.0195002	600000	1564.604647397995
20	7.9996552	2.2839496	13.268289	3.9636223	185.08333	114.70322	469.0	24.0	1000.0	98136.0	0.15577142857142856	0.90951496	0.42788467	2.1377451	-0.039571196	18.728544	11.939196	74.00357	-6.404628	-1.1175871e-08	0.013971321	7.450581e-09	-0.0019308738	0.09570741	-0.037612654	290.3869	-118.11642	0	0	1.0	1.4776909	0.035437405	630000	1635.1389377117157
21	9.7971945	2.0600822	14.201625	5.2013507	197.54167	126.59646	473.0	29.0	1000.0	104062.0	0.15766969696969696	0.8789943	0.40908033	2.052978	-0.050417203	19.789803	13.393451	73.46222	-7.2957163	1.4901161e-08	-0.0012932322	-5.9604645e-08	-0.002039086	0.12848245	-0.061941758	278.4154	-129.7066	0	0	1.0	1.4757063	0.0061035096	660000	1705.4500622749329
22	10.781711	2.0696774	14.362863	5.7189775	232.66667	108.05425	490.0	31.0	1000.0	111073.0	0.16097536231884058	1.0526657	0.4257795	2.2249887	0.059398465	20.904236	13.864954	74.29703	-8.549714	1.1175871e-08	0.0032537528	1.4901161e-07	0.012930989	0.115603656	-0.037908576	310.15607	-162.19843	0	0	1.0	1.4740915	0.012159358	690000	1775.5894260406494
23	10.773019	2.9444766	17.711939	5.2490034	240.75	105.93837	409.0	49.0	1000.0	118353.0	0.16437916666666666	1.1061877	0.41983858	2.1960645	-0.1988943	23.80233	14.247179	80.79249	-3.3243952	4.656613e-09	-0.0010297282	1.7881393e-07	0.0015732411	0.12430965	-0.040291853	332.31387	-175.90073	0	0	1.0	1.4728549	0.002683028	720000	1846.433573961258
24	11.745262	2.029531	14.983671	7.678197	198.08333	93.62866	449.0	26.0	1000.0	124156.0	0.16554133333333335	1.1908565	0.45997	2.5150335	-0.0008307267	22.473658	13.468457	83.70473	-4.6622458	-7.450581e-09	-0.0017337527	-1.4901161e-08	0.0032184124	0.110422865	-0.04179702	247.28696	-122.13283	0	0	1.0	1.4719516	0.0024258804	750000	1917.4140253067017
25	12.226608	2.3880992	17.035816	7.3612866	245.25	89.80082	472.0	66.0	1000.0	131059.0	0.16802435897435897	1.228139	0.3954306	2.1614206	0.17664026	21.155884	12.310808	79.06333	-1.7514344	1.0244548e-08	-0.0024571223	-1.0430813e-07	0.004051864	0.123477384	-0.037668735	244.8068	-124.58235	0	0	1.0	1.4713104	0.0032987823	780000	1987.6257436275482
26	12.2549715	3.1134887	17.133781	5.188749	232.70833	106.35729	511.0	40.0	1000.0	138087.0	0.17047777777777778	1.2871081	0.445574	2.3176265	-0.009395962	23.450052	13.049427	79.64652	-3.3374703	2.9802322e-08	-0.0017481116	-1.4901161e-08	-0.0027485471	0.121350124	-0.043420866	234.46379	-121.55217	0	0	1.0	1.4706473	0.002268713	810000	2057.906352519989
27	13.05048	2.3298693	17.979446	8.215934	196.70833	79.84124	383.0	64.0	1000.0	143696.0	0.17106666666666667	1.3190646	0.4620221	2.4830153	-0.10956331	23.290907	13.707235	79.535576	-2.2350965	-5.5879354e-09	-0.00085010985	-5.9604645e-08	-0.008404529	0.119323336	-0.04547595	231.79408	-122.068756	0	0	1.0	1.470079	0.0055959495	840000	2128.446686267853
28	13.1987295	2.1629653	17.023726	8.994717	214.25	87.5601	432.0	57.0	1000.0	150059.0	0.17248160919540229	1.356756	0.45294252	2.5391836	0.09568446	21.592308	12.282502	78.72451	-3.6249442	-7.450581e-09	-0.0022441857	4.4703484e-08	0.0034742667	0.10274039	-0.040543035	274.6168	-135.29549	0	0	1.0	1.4694126	0.0021077318	870000	2201.144629716873
29	13.962571	1.9925349	16.998205	9.976754	200.70833	115.233986	461.0	12.0	1000.0	155949.0	0.17327666666666666	1.4191924	0.41870382	2.5311852	-0.048706092	21.013279	13.327192	78.2165	-7.488781	0.0	-0.0020299058	2.2351742e-08	-0.0003007492	0.11195725	-0.037711427	257.1828	-135.82277	0	0	1.0	1.4686728	0.0011606833	900000	2271.477688550949
30	13.604618	2.5094528	18.02403	8.67314	210.25	103.86419	408.0	0.0	1000.0	162320.0	0.17453763440860215	1.4308904	0.45282674	2.6401618	0.16910315	21.56277	14.175743	83.55554	-2.9668744	0.0	-0.0006091682	-1.7881393e-07	0.0025094151	0.108099304	-0.039497055	254.53943	-142.38724	0	0	1.0	1.4678603	0.004428494	930000	2342.6491894721985
31	13.31194	2.551872	17.315031	9.100021	216.625	106.426346	483.0	10.0	1000.0	168715.0	0.17574479166666668	1.4103097	0.45089015	2.4228797	0.22217917	22.565344	14.705869	90.06878	-1.4988809	7.450581e-09	-0.0018084645	2.9802322e-08	0.0010613581	0.11280199	-0.03961681	237.79161	-116.442635	0	0	1.0	1.4670172	0.0017960012	960000	2413.221811771393
32	12.846477	2.9477415	17.069952	5.7006497	186.95833	85.73869	331.0	26.0	1000.0	174504.0	0.17626666666666665	1.3740135	0.47289813	2.4421651	-0.0059777973	22.209566	13.223383	86.870995	-2.5972087	1.6763806e-08	-0.0014747502	-3.7252903e-08	-0.005992134	0.13577822	-0.05563517	203.47437	-106.998886	0	0	1.0	1.4662029	0.003405212	990000	2484.153046131134
33	13.662483	2.6958656	17.769033	6.3264647	214.25	103.83571	398.0	38.0	1000.0	181125.0	0.1775735294117647	1.3875326	0.4803633	2.5146806	-0.274605	21.900928	14.536545	89.07248	-5.35844	1.5832484e-08	-0.0013961466	2.2351742e-08	0.0030749943	0.12251271	-0.047969855	210.69534	-108.90851	0	0	1.0	1.4653511	0.003143957	1020000	2556.5031774044037
34	14.062748	1.8733526	16.656324	9.332647	191.75	103.854965	461.0	41.0	1000.0	186757.0	0.17786380952380954	1.4282049	0.47465664	2.5918438	0.061130278	20.74738	12.994808	75.95274	-3.5998983	0.0	-0.0014248336	-1.4901161e-08	-0.00017126836	0.11222791	-0.04787357	189.60114	-95.329025	0	0	1.0	1.4645091	0.0009955054	1050000	2626.661102294922
35	13.896598	3.0773368	20.016125	5.9936266	187.5	77.44622	351.0	65.0	1000.0	192271.0	0.17802870370370372	1.4610239	0.46426767	2.648352	0.0072987387	20.690619	13.408904	80.473145	-4.2595553	9.313226e-10	-0.0011031032	5.9604645e-08	-0.0028808082	0.11800277	-0.044149615	188.40648	-90.80084	0	0	1.0	1.463742	0.0006712817	1080000	2696.92750787735
36	14.404029	2.9745493	21.650284	8.895674	188.375	84.523575	423.0	35.0	1000.0	198045.0	0.17841891891891892	1.4544529	0.49609652	2.5874588	-0.20061824	19.554747	12.967695	72.15939	-4.3061843	3.7252903e-09	-0.0017411335	7.4505806e-08	0.008321481	0.12674733	-0.054344594	217.44786	-129.40195	0	0	1.0	1.4630331	0.0023993547	1110000	2767.8177785873413
37	13.860745	3.0365453	19.09235	5.2689543	223.54167	127.879814	555.0	32.0	1000.0	204205.0	0.17912719298245613	1.4834622	0.4840056	2.6554585	0.04920324	21.102146	13.783871	82.77736	-3.6409278	-1.3969839e-08	-0.0012645165	0.0	-0.0012789927	0.13496253	-0.06485035	228.92685	-123.289375	0	0	1.0	1.4622581	0.0015511154	1140000	2839.970184803009
38	14.048474	2.3416433	17.814938	7.3672647	220.33333	78.20628	342.0	30.0	1000.0	210708.0	0.1800923076923077	1.4504765	0.51100165	2.7628582	-0.13932939	21.181078	14.654531	80.13191	-4.615631	-1.3038516e-08	-0.0011507035	-5.9604645e-08	0.002598174	0.13335434	-0.063809246	229.1271	-126.93009	0	0	1.0	1.4614727	0.0012038482	1170000	2911.6107761859894
39	13.7776	2.7770257	19.138678	5.2166295	198.45833	92.87715	412.0	63.0	1000.0	216724.0	0.18060333333333334	1.4446723	0.472685	2.7870855	-0.05115372	22.101738	13.725747	83.278656	-5.251014	1.1175871e-08	-0.001670423	-4.4703484e-08	-0.0045947265	0.11476972	-0.052149393	219.06831	-120.137985	0	0	1.0	1.4606564	0.0013899261	1200000	2982.161284685135
40	14.263829	3.329271	19.832502	6.6737947	194.79167	109.02751	467.0	22.0	1000.0	222275.0	0.18071138211382115	1.4542458	0.47362298	2.7075894	0.010813719	20.776459	12.97474	78.336655	-5.93823	1.6298145e-08	-0.001363926	-7.4505806e-08	-0.0024685988	0.13619022	-0.06628567	223.04253	-123.87099	0	0	1.0	1.4599099	0.001265544	1230000	3053.5497896671295
41	13.644275	2.065134	19.132038	9.465096	194.83333	92.455246	448.0	48.0	1000.0	228439.0	0.18130079365079366	1.4404838	0.49821016	2.8151362	-0.13997512	21.10156	14.373421	82.35367	-7.640132	-7.450581e-09	-0.0011610973	-4.4703484e-08	0.00060924166	0.1260493	-0.064194225	248.08815	-149.82251	0	0	1.0	1.4590049	0.0010869412	1260000	3123.92631983757
42	14.080312	2.9971638	18.626371	6.379396	165.125	90.223015	362.0	21.0	1000.0	233540.0	0.18103875968992247	1.4147987	0.48099306	2.5916018	0.13277923	20.38525	12.547045	74.48535	-7.7296195	-7.450581e-09	-0.001026119	0.0	0.00036580907	0.15957685	-0.06575802	201.1012	-116.91887	0	0	1.0	1.4580393	0.00072662544	1290000	3195.40283536911
43	14.546691	2.2276428	18.103718	10.515815	213.58333	110.24024	498.0	45.0	1000.0	239817.0	0.18167954545454545	1.3443398	0.5226172	2.7270982	-0.3129081	18.390486	12.358786	72.694916	-4.74786	-6.519258e-09	-0.0011044964	7.4505806e-08	0.0035325484	0.1478066	-0.0879346	272.08	-164.58398	0	0	1.0	1.4571841	0.000546232	1320000	3266.0239691734314
44	15.073026	3.003193	19.778175	6.267105	195.0	92.685394	454.0	11.0	1000.0	245703.0	0.18200222222222223	1.512858	0.48940286	2.5885448	-0.16842295	21.49045	15.420608	87.591385	-17.444847	-5.5879354e-09	-0.0032805176	-2.9802322e-08	-0.0065760557	0.12863882	-0.06018499	277.08948	-169.78004	0	0	3.0	1.4563701	0.002995662	1350000	3336.6328105926514
45	15.2309265	2.6522593	19.775694	9.903128	195.125	121.33264	465.0	44.0	1000.0	251445.0	0.18220652173913043	1.5534084	0.49016714	2.6836712	-0.17004132	19.984188	12.799341	75.361374	-7.5023	1.0244548e-08	-0.017046262	-1.1920929e-07	0.0025266018	0.13654137	-0.06270964	224.19064	-127.865906	0	0	79.0	1.4544609	0.0068945736	1380000	3420.8993253707886
46	14.489259	3.0150099	19.538557	7.7484064	157.95833	71.46706	330.0	27.0	1000.0	256298.0	0.18177163120567377	1.4986292	0.51792294	2.8764236	-0.022646626	19.773699	12.373174	78.18859	-9.893043	-1.0244548e-08	-0.017304393	-1.1175871e-07	-0.00038439536	0.1210774	-0.057937577	184.70358	-111.33606	0	0	79.0	1.4230863	0.0070171617	1410000	3505.693820953369
47	14.64268	2.4268548	20.488817	8.5811825	187.29167	107.89056	500.0	44.0	1000.0	261818.0	0.18181805555555555	1.5131241	0.46194255	2.4805415	0.12872456	17.815187	11.71306	67.769295	-7.875289	1.21071935e-08	-0.01783381	5.9604645e-08	-0.007049804	0.11533928	-0.060616437	239.06546	-147.40787	0	0	79.0	1.3956044	0.006666571	1440000	3590.3733570575714
48	14.93502	2.68001	20.758444	10.688326	164.0	72.187836	324.0	85.0	1000.0	267308.0	0.1818421768707483	1.5036982	0.53117263	2.8513033	-0.24233614	18.67311	13.667511	81.333725	-11.248436	-1.3038516e-08	-0.015209134	1.4901161e-08	0.011662688	0.13748866	-0.074701816	220.05945	-129.89429	0	0	79.0	1.3693584	0.009313632	1470000	3675.2388620376587
49	16.08198	2.229231	20.197308	11.40137	197.0	111.20402	433.0	25.0	1000.0	273590.0	0.18239333333333332	1.6403017	0.46543303	2.7501	0.21473016	19.430002	13.050883	81.004555	-9.326815	1.0244548e-08	-0.01963848	-2.9802322e-08	0.0015718844	0.10254277	-0.047705732	224.79416	-139.73328	0	0	79.0	1.346431	0.007908507	1500000	3760.3256804943085
50	15.617694	3.3188007	19.72629	3.308691	188.625	94.95517	446.0	45.0	1000.0	279387.0	0.18260588235294117	1.5939022	0.45852998	2.8330545	0.38225484	20.642189	13.594497	80.20199	-4.756383	-1.1175871e-08	-0.01860931	1.0058284e-07	0.00288861	0.12341401	-0.062220998	214.71729	-132.30554	0	0	79.0	1.3165028	0.007553989	1530000	3846.206162929535
51	17.184557	1.8970854	19.922297	13.567291	176.875	86.65272	323.0	42.0	1000.0	284892.0	0.18262307692307692	1.6415014	0.46710217	2.7787225	-0.0254683	20.00741	13.895783	83.19704	-6.851335	-8.381903e-09	-0.01868398	6.7055225e-08	-0.0013470501	0.112829015	-0.055440288	200.48071	-118.71462	0	0	79.0	1.2787156	0.0071242605	1560000	3930.1802728176117
52	16.639187	2.4816728	22.901497	12.50375	198.20833	114.77695	446.0	11.0	1000.0	291023.0	0.18303333333333333	1.7018532	0.47809023	2.8218138	0.22570775	18.113909	12.189016	76.48801	-7.341066	1.4901161e-08	0.013129681	-7.4505806e-08	0.015855888	0.11456418	-0.056083888	247.85599	-142.50116	0	0	5.0	1.2465215	0.02291994	1590000	3997.5816974639893
53	16.64994	2.0376554	20.783693	12.053473	181.45833	94.526886	364.0	29.0	1000.0	296583.0	0.18307592592592592	1.6671625	0.51619476	2.8771162	0.0725036	19.98439	14.059763	83.88636	-7.656664	0.0	0.0025396054	7.450581e-09	0.010564456	0.11698586	-0.057507887	206.6476	-119.18487	0	0	1.0	1.2456653	0.009151259	1620000	4064.1365938186646
54	15.818561	2.9718816	20.420387	9.91541	155.375	91.40788	364.0	0.0	1000.0	301420.0	0.18267878787878788	1.6982576	0.50143325	2.700189	0.113018736	17.914541	11.456336	78.31938	-9.055173	-5.820766e-09	-0.0002775158	4.4703484e-08	0.00492143	0.11100573	-0.054337494	191.07243	-115.22428	0	0	1.0	1.2450938	0.0038885018	1650000	4130.7511830329895
55	16.25184	2.3124285	21.677145	12.800515	169.70833	86.956635	341.0	24.0	1000.0	306673.0	0.18254345238095238	1.6377815	0.46922392	2.8409607	0.11497926	17.537954	12.643093	80.12738	-7.95151	9.080395e-09	-0.001532574	7.4505806e-08	0.0010965143	0.11107123	-0.05307436	173.69357	-105.0493	0	0	1.0	1.2446511	0.0022823792	1680000	4197.261072635651
56	17.068083	2.229868	21.227531	10.048527	147.08333	65.08131	315.0	50.0	1000.0	312008.0	0.1824608187134503	1.7000748	0.48742178	2.8472512	0.21052817	17.14325	11.937677	75.07815	-6.642555	9.313226e-10	-0.0011458246	-8.940697e-08	-0.0048533515	0.11692292	-0.055083655	195.8907	-116.61533	0	0	1.0	1.2443725	0.001847193	1710000	4265.36563706398
57	16.581467	2.6871083	21.541386	10.726244	163.875	88.02808	376.0	17.0	1000.0	317114.0	0.18224942528735633	1.7406948	0.45691422	2.869704	-0.09081237	17.330046	12.835975	85.86481	-4.121722	-1.4901161e-08	-0.00071394886	5.9604645e-08	-0.0009294385	0.11884523	-0.064481005	209.11346	-127.66957	0	0	1.0	1.2443844	0.0041569695	1740000	4331.608540773392
58	16.415968	2.1605055	19.1813	12.147482	215.625	101.591835	405.0	8.0	1000.0	323265.0	0.18263559322033898	1.7117583	0.45841697	2.7709882	0.29833806	19.155857	13.769715	85.52834	-9.151274	-2.7939677e-09	-0.00083146454	1.4901161e-08	0.00018098799	0.11769092	-0.06222288	198.00832	-127.7547	0	0	1.0	1.2444959	0.0034417016	1770000	4397.989822387695
59	17.63469	3.067956	23.299164	8.32512	227.875	88.12695	396.0	59.0	1000.0	330048.0	0.18336	1.7274575	0.45976895	2.843159	0.30461106	20.432428	13.105611	71.71119	-8.204443	1.3038516e-08	-0.0011525507	2.9802322e-08	-0.0015319455	0.15177873	-0.08085461	223.5886	-141.94542	0	0	1.0	1.2445922	0.0016580331	1800000	4464.295135736465
60	17.169724	2.0882905	20.018509	11.374254	206.66667	85.99645	340.0	0.0	1000.0	335964.0	0.18358688524590164	1.794904	0.46302918	2.9758422	-0.12809892	21.350437	13.093591	78.76363	-6.2251277	7.450581e-09	-0.00024821117	1.4901161e-08	-0.007477813	0.13816276	-0.082079396	229.39876	-141.03658	0	0	1.0	1.2446071	0.005442053	1830000	4532.1793920993805
61	16.979801	1.6892903	19.209673	12.770948	172.91667	77.249016	341.0	16.0	1000.0	341074.0	0.1833731182795699	1.7230039	0.48740283	2.9863207	0.0233187	20.552204	12.9229355	83.151054	-10.850193	4.656613e-09	0.00018150918	-1.1920929e-07	-0.004830554	0.11198966	-0.06510258	168.72568	-113.174835	0	0	1.0	1.244656	0.0059978585	1860000	4598.7283453941345
62	16.931292	2.4611945	21.021524	12.193278	192.95833	88.02958	401.0	26.0	1000.0	346814.0	0.1834994708994709	1.7394739	0.48743036	3.1006997	0.12551078	18.073246	12.193421	71.88974	-7.083229	-1.1175871e-08	0.00028667878	-9.313226e-08	-0.00027057994	0.13596606	-0.07449915	191.8847	-118.776855	0	0	1.0	1.2446516	0.004913912	1890000	4665.395993471146
63	16.371656	2.8323014	21.048868	8.830157	187.5	97.00645	386.0	0.0	1000.0	352294.0	0.18348645833333332	1.751518	0.52723897	3.120685	-0.16258292	19.46029	12.370246	75.90994	-6.370608	5.5879354e-09	0.0012570331	0.0	0.0054710545	0.15644835	-0.09678362	189.34598	-124.36506	0	0	1.0	1.2445562	0.006689675	1920000	4731.909598827362
64	16.829725	2.4633293	21.60751	12.114933	182.0	94.90697	364.0	33.0	1000.0	358079.0	0.1836302564102564	1.7087096	0.5034195	2.93993	-0.07345166	20.359037	12.922003	83.38181	-13.25168	-3.7252903e-09	-0.00082771806	2.9802322e-08	0.00206092	0.12194977	-0.065148145	183.56586	-120.629715	0	0	1.0	1.244303	0.0020932152	1950000	4798.797333478928
65	16.385979	3.6557329	20.76779	1.9656761	186.20833	92.307	435.0	57.0	1000.0	363645.0	0.1836590909090909	1.7351841	0.50723475	2.873929	0.18168053	18.969555	12.756973	83.31064	-6.661766	-3.7252903e-09	0.0010931215	-6.7055225e-08	0.0048762625	0.13866144	-0.08082688	189.17303	-121.483406	0	0	1.0	1.2440277	0.007891182	1980000	4865.907055854797
66	17.343283	2.6121402	23.414156	11.045065	200.08333	87.775246	338.0	28.0	1000.0	369825.0	0.18399253731343285	1.7599349	0.49640143	2.99652	-0.1530922	21.0998	13.730867	82.17663	-7.4399	-9.313226e-09	-0.0017137213	1.1175871e-08	-0.00028752023	0.13279259	-0.07702248	179.26466	-117.41207	0	0	1.0	1.2436981	0.0021232446	2010000	4932.906044006348
67	17.077974	2.6829255	21.853476	12.810133	210.375	112.18468	430.0	0.0	1000.0	376256.0	0.1844392156862745	1.757194	0.4787061	3.0760763	0.06893326	20.337688	13.997436	79.82365	-9.671656	-6.519258e-09	-0.0008197157	-8.940697e-08	0.00031574722	0.10915163	-0.061942987	249.10416	-170.48367	0	0	1.0	1.2435076	0.002019715	2040000	4999.621656656265
68	17.901163	2.37362	23.368702	11.7865	196.75	71.235085	350.0	101.0	1000.0	382402.0	0.1847352657004831	1.7859964	0.4661769	2.9788828	0.055576835	22.526472	16.467741	100.05288	-9.820147	5.5879354e-09	-0.0008071836	-4.4703484e-08	-0.0014844742	0.10906173	-0.061423685	208.07373	-142.77063	0	0	1.0	1.2435536	0.0024318867	2070000	5066.3752336502075
69	17.525053	2.489604	21.01989	13.269948	204.16667	87.67348	413.0	82.0	1000.0	388833.0	0.18515857142857142	1.7841679	0.4663939	2.784165	0.0610514	21.254162	13.146484	79.06838	-4.979717	-7.450581e-09	-0.0011888028	1.1920929e-07	-1.7538667e-05	0.09135142	-0.04980074	221.52982	-153.27826	0	0	1.0	1.2436016	0.0036947362	2100000	5133.285455942154
70	17.614958	2.395771	21.210108	11.867392	175.58333	92.4815	391.0	25.0	1000.0	394107.0	0.18502676056338027	1.8008264	0.4750932	2.9598763	0.16240945	20.413805	12.693631	70.66391	-12.25525	1.8626451e-09	-0.0008896254	1.4901161e-08	0.0038244869	0.11898449	-0.06606342	187.45815	-124.35004	0	0	1.0	1.2436683	0.0036315257	2130000	5201.321669340134
71	16.45796	2.661122	20.348747	9.888139	195.54167	101.830734	392.0	28.0	1000.0	399934.0	0.18515462962962964	1.769981	0.48614848	2.9534507	0.22053166	19.401508	12.592676	81.09948	-6.880108	3.7252903e-09	-0.00049400004	-5.2154064e-08	0.0019089892	0.14278185	-0.08286072	184.69324	-125.43483	0	0	1.0	1.2437794	0.0046317987	2160000	5267.693558454514
72	17.119368	2.1458848	22.668636	14.046297	217.0	107.00701	457.0	28.0	1000.0	405901.0	0.18534292237442923	1.7786791	0.503899	3.115914	0.016153181	20.04815	13.663743	74.69615	-9.201704	-2.7939677e-09	-0.0016096272	1.937151e-07	-0.0007814318	0.13360952	-0.08407339	215.70718	-148.87448	0	0	1.0	1.2439115	0.0025018314	2190000	5334.206237792969
73	16.476736	3.1959958	22.43735	6.982491	233.83333	114.48423	494.0	35.0	1000.0	412934.0	0.1860063063063063	1.7809958	0.4916913	3.0406768	0.122196704	21.039629	14.85689	92.289085	-6.809737	-2.0489097e-08	-0.0006773969	-1.6763806e-07	0.008016233	0.13780662	-0.08408741	246.39743	-177.68707	0	0	1.0	1.2439038	0.002826585	2220000	5400.608549118042
74	17.226332	1.8532702	20.331053	12.55592	223.33333	91.95999	409.0	59.0	1000.0	419715.0	0.18654	1.7408636	0.49203026	2.968361	-0.26315138	24.110462	15.442493	90.00804	-9.300918	1.9092113e-08	-0.00084538176	1.4901161e-08	0.0013271323	0.10429673	-0.058521852	245.52316	-171.91913	0	0	1.0	1.2438064	0.0011529746	2250000	5467.177382707596
75	15.827306	4.4363256	21.777088	4.173591	179.16667	90.981995	362.0	24.0	1000.0	425106.0	0.18645	1.7086779	0.4886051	3.05997	0.009874538	22.188917	13.905046	81.995094	-8.313821	0.0	-0.0011545857	-7.4505806e-08	-0.0011707852	0.18233448	-0.110115744	185.4651	-135.28712	0	0	1.0	1.2437027	0.0011445946	2280000	5534.104005098343
76	17.02192	2.3475075	21.787893	11.885048	178.20833	79.425	363.0	38.0	1000.0	430524.0	0.18637402597402597	1.7314001	0.55639076	3.3858848	-0.318702	18.805033	12.274374	78.61339	-8.4974	-1.1175871e-08	-0.0010851277	5.2154064e-08	0.0011756402	0.16333021	-0.106844686	178.7343	-118.12227	0	0	1.0	1.2435995	0.0019611572	2310000	5600.367084026337
77	16.812891	2.4630048	21.40145	12.173685	175.20833	87.71021	381.0	0.0	1000.0	436464.0	0.18652307692307693	1.7755073	0.5010874	3.0263352	0.04010386	19.872356	13.371079	87.60246	-7.7482886	-3.7252903e-09	-0.0018115295	-2.9802322e-08	0.0015059211	0.15040597	-0.08385607	184.20667	-119.27671	0	0	1.0	1.2434194	0.002365497	2340000	5666.798012256622
78	17.035604	3.05549	24.129072	10.609602	176.58333	85.323364	367.0	51.0	1000.0	441646.0	0.18634852320675105	1.7137073	0.4863841	3.0559623	0.0968411	19.272812	11.603077	81.40142	-8.810769	-2.7939677e-09	-0.0011221349	2.9802322e-08	0.00014958763	0.14999138	-0.085293405	171.15619	-113.62928	0	0	1.0	1.2431997	0.0012089205	2370000	5733.163501739502
79	17.487858	4.3127627	23.489952	0.94011444	191.16667	90.908226	458.0	43.0	1000.0	447145.0	0.18631041666666667	1.7828166	0.52191675	3.1402972	-0.19331598	18.093493	12.267765	82.54626	-13.267512	-1.1641532e-08	-0.0007829366	-2.9802322e-08	0.0021361466	0.15582837	-0.09601301	171.4052	-120.18756	0	0	1.0	1.2427924	0.0009124151	2400000	5799.582271814346
80	17.394648	2.5351107	23.05612	12.827014	220.125	101.998085	450.0	38.0	1000.0	453482.0	0.18661810699588477	1.7728597	0.55010015	2.9609382	-0.014734736	19.728205	13.374024	80.2198	-11.06881	-1.8626451e-09	-0.0012996657	0.0	-0.00257954	0.15515429	-0.09751827	205.96762	-141.6216	0	0	1.0	1.2422274	0.001087052	2430000	5867.60328412056
81	17.028822	3.7955308	23.752731	5.3411627	205.875	108.50012	459.0	27.0	1000.0	459520.0	0.18679674796747966	1.7711471	0.52884895	3.1741657	-0.068549	21.558771	14.29913	79.07967	-9.298432	-1.1175871e-08	-0.0016561522	1.1920929e-07	-0.0016134903	0.18513095	-0.11267649	218.13126	-152.15411	0	0	1.0	1.2416627	0.0010331108	2460000	5934.232628583908
82	17.18605	3.2431448	23.18848	9.702726	164.125	85.34211	348.0	0.0	1000.0	464533.0	0.186559437751004	1.7736963	0.54809314	2.9302778	-0.18067	19.173927	13.6875105	78.4242	-7.6737666	-1.0244548e-08	-0.0010255757	8.940697e-08	-0.0018801843	0.15233245	-0.098590896	198.40762	-138.88496	0	0	1.0	1.2410889	0.0011840565	2490000	6000.61140537262
83	17.315187	2.4377058	22.102053	12.521847	169.45833	90.6688	414.0	16.0	1000.0	469596.0	0.18634761904761904	1.7873875	0.5418688	3.145198	0.056756943	17.218452	12.702558	79.35207	-13.695457	1.6763806e-08	-0.0012478207	1.1920929e-07	0.00019416586	0.17286184	-0.10772831	172.78436	-117.66232	0	0	1.0	1.2404704	0.0017318692	2520000	6067.67248415947
84	17.359667	2.6415048	23.460777	12.099131	191.83333	102.68141	365.0	9.0	1000.0	475597.0	0.1865086274509804	1.7988354	0.48775536	3.0674384	0.25589266	17.126455	12.333845	73.87405	-12.352711	-3.7252903e-09	-0.0013707896	-2.9802322e-08	0.0017026849	0.12960525	-0.086833276	201.74835	-139.8469	0	0	1.0	1.2398379	0.0016806114	2550000	6134.254273176193
85	17.570398	3.67669	24.010403	4.0139236	207.70833	94.254745	411.0	10.0	1000.0	481380.0	0.18658139534883722	1.7662817	0.51257175	2.9486077	-0.089619264	19.595314	12.0450115	71.450645	-8.553355	-3.7252903e-09	-0.0014264544	1.0430813e-07	0.004529776	0.15215988	-0.09689768	206.28267	-145.95694	0	0	1.0	1.239059	0.0016783159	2580000	6201.558621644974
86	17.629599	3.2914572	22.683962	8.102998	209.33333	117.47825	541.0	55.0	1000.0	487665.0	0.1868448275862069	1.7397761	0.57019347	3.047123	-0.31791398	21.928982	14.269425	77.65222	-8.756784	1.4901161e-08	-0.0012623479	5.9604645e-08	-0.0017417204	0.20060912	-0.12940228	211.2341	-150.026	0	0	1.0	1.2383341	0.0011637006	2610000	6268.334032058716
87	16.951612	2.666525	20.43295	7.84429	167.91667	88.9906	322.0	0.0	1000.0	492569.0	0.18657916666666666	1.7807512	0.5275061	2.9922726	-0.03536705	18.732616	12.955262	75.33789	-9.197082	1.6763806e-08	-0.0012386806	1.0430813e-07	-0.0008934052	0.16829622	-0.11240337	226.33269	-157.3746	0	0	1.0	1.2378104	0.0013540913	2640000	6334.782133340836
88	17.488302	2.6303601	21.467146	11.663835	223.04167	87.81917	417.0	50.0	1000.0	499105.0	0.18693071161048688	1.763217	0.5190218	3.0978153	-0.22587685	20.23682	13.884292	77.27864	-11.43355	7.450581e-09	-0.018409498	-5.9604645e-08	-0.009074016	0.14229548	-0.088867724	213.69254	-153.13333	0	0	79.0	1.2372758	0.007257455	2670000	6414.800765752792
89	17.434511	3.0700583	21.20649	7.942061	239.75	99.83705	456.0	47.0	1000.0	506104.0	0.18744592592592593	1.7659473	0.50746024	3.2046766	0.088287905	22.32008	12.461175	75.71238	-10.635072	3.7252903e-09	-0.017661003	-5.5879354e-08	-0.0069993665	0.16752326	-0.10259266	238.73137	-165.19034	0	0	79.0	1.2060266	0.0068814037	2700000	6494.755530118942
90	17.793745	2.619637	21.01672	11.064127	182.70833	69.98004	363.0	50.0	1000.0	511448.0	0.18734358974358975	1.815438	0.51792806	3.1393223	0.09785406	22.929	13.189249	77.7217	-7.608526	-3.7252903e-09	-0.018463798	4.4703484e-08	0.006028991	0.13076577	-0.08856928	186.04204	-129.84102	0	0	79.0	1.1784492	0.008147587	2730000	6575.088288068771
91	16.71177	2.7930539	22.04761	9.684893	188.08333	97.4089	429.0	21.0	1000.0	517067.0	0.187343115942029	1.7648042	0.49169302	3.0386071	0.041315194	19.096542	13.20508	74.90626	-12.671844	0.0	-0.018421356	1.4901161e-08	-0.0094223395	0.14619678	-0.09311575	223.40805	-150.82547	0	0	79.0	1.147089	0.008856055	2760000	6654.929596662521
92	17.969223	2.2351217	21.46751	12.295683	187.83333	98.41607	399.0	12.0	1000.0	522738.0	0.18736129032258064	1.765762	0.5194283	3.010019	-0.08821777	19.561798	13.749035	77.64942	-10.930628	-5.5879354e-09	-0.014675871	-4.4703484e-08	-0.023471989	0.15468168	-0.103941515	167.22198	-110.799	0	0	79.0	1.116434	0.011681108	2790000	6734.98993396759
93	18.427185	1.7127556	21.080158	13.978866	161.5	93.347466	391.0	0.0	1000.0	527709.0	0.1871308510638298	1.8602102	0.46352428	2.9935799	0.2398914	18.91662	12.486677	82.961494	-15.67931	-9.313226e-10	0.01656172	1.4901161e-08	0.010795248	0.14993793	-0.09664443	175.12534	-118.75569	0	0	3.0	1.0892851	0.02586216	2820000	6802.7033014297485
94	17.816027	1.8545613	20.743174	14.003536	193.25	125.92764	473.0	0.0	1000.0	533721.0	0.18727052631578947	1.8844609	0.44786873	3.1305223	0.24397418	19.669683	12.979136	80.71134	-11.246202	2.7939677e-09	0.0021838406	2.9802322e-08	-0.0016291346	0.15253124	-0.10155055	216.03363	-143.82855	0	0	1.0	1.0886666	0.011230148	2850000	6869.458214759827
95	18.0111	1.8833175	21.818218	14.976318	221.20833	103.07036	430.0	26.0	1000.0	540164.0	0.18755694444444446	1.8237803	0.47884867	2.9939375	0.17079791	21.569897	15.180297	88.67414	-11.7754345	1.0244548e-08	-0.0011143745	-7.0780516e-08	0.0015510255	0.14164443	-0.09396882	197.76945	-130.65454	0	0	1.0	1.088484	0.0040914696	2880000	6936.246366024017
96	17.70305	2.0635262	22.750914	12.554857	172.58333	90.48431	353.0	0.0	1000.0	545690.0	0.18752233676975946	1.782238	0.46145678	3.1292927	0.091399804	20.24289	13.886139	78.64306	-6.844417	3.7252903e-09	-0.00024865672	-1.6391277e-07	-0.0027094167	0.13448116	-0.083266884	191.07516	-124.83292	0	0	1.0	1.0883591	0.0035097385	2910000	7002.828008174896
97	18.206444	1.8329664	22.438538	14.83634	218.16667	89.46679	401.0	88.0	1000.0	551823.0	0.18769489795918368	1.8213453	0.46683335	2.9065447	0.20098875	19.671318	12.950914	77.549805	-9.402353	-6.519258e-09	-0.0008072569	-1.4901161e-08	0.0008514039	0.108315155	-0.06728017	229.41724	-161.55281	0	0	1.0	1.088262	0.0022903197	2940000	7069.393670082092
98	17.796501	2.1960382	22.040447	13.536068	178.79167	97.0292	366.0	20.0	1000.0	557136.0	0.18758787878787878	1.8186609	0.46584284	3.1453545	0.16903654	20.703558	15.247733	88.02228	-21.516523	7.450581e-09	-0.00039513386	-7.450581e-09	-0.006933283	0.13058873	-0.08192934	170.94922	-119.771835	0	0	1.0	1.0882192	0.005336539	2970000	7136.358915090561
99	19.061798	2.5660439	23.99811	15.119348	165.625	87.48848	351.0	14.0	1000.0	562226.0	0.18740866666666667	1.8657774	0.4808799	3.1244938	0.24268444	17.962072	11.2682085	69.58683	-8.605475	-2.514571e-08	-0.0006881091	2.2351742e-08	-0.0045753457	0.13214089	-0.08142621	178.0184	-118.90745	0	0	1.0	1.0881854	0.0032256464	3000000	7203.182568788528
100	18.563028	2.1113367	22.314772	13.723721	189.04167	105.620575	462.0	57.0	1000.0	568029.0	0.18746831683168316	1.9120107	0.50536615	3.1291459	0.5043558	18.026112	12.474405	72.10174	-8.018178	1.3038516e-08	-0.00089701475	5.9604645e-08	0.0024189278	0.107396856	-0.06882727	237.95505	-163.76968	0	0	1.0	1.0881317	0.0026570014	3030000	7270.712609529495
101	17.485903	2.8486247	22.554935	12.830997	137.29167	91.950836	378.0	9.0	1000.0	572649.0	0.18714019607843138	1.8804417	0.4885714	3.1094894	0.46181726	18.21168	11.780879	75.40096	-17.33759	-7.450581e-09	-0.00033929438	-4.4703484e-08	0.0016229926	0.18364516	-0.12757637	180.98047	-129.3528	0	0	1.0	1.0879791	0.0030592172	3060000	7338.015239953995
102	17.549479	3.3677452	21.766954	8.508572	192.375	90.62092	369.0	31.0	1000.0	578419.0	0.1871906148867314	1.812125	0.55443764	3.020772	-0.21615013	16.526209	12.882627	79.06593	-11.052659	1.4901161e-08	-0.0009740264	-1.6391277e-07	-0.002544539	0.15260896	-0.088801086	195.43854	-134.00151	0	0	1.0	1.0878706	0.0024938404	3090000	7404.722016096115
103	17.510475	3.1959596	22.849821	9.568016	215.75	97.414604	436.0	27.0	1000.0	584305.0	0.1872772435897436	1.8347198	0.5039061	3.0542526	-0.042334825	20.844	12.97357	84.615204	-5.4304624	1.4901161e-08	-0.00083454815	4.4703484e-08	-0.0002561272	0.13139823	-0.08659211	181.30577	-119.44728	0	0	1.0	1.0877626	0.0040828465	3120000	7471.945608139038
104	16.647078	3.5792198	22.499977	7.4315457	213.45833	88.81909	392.0	63.0	1000.0	590440.0	0.18744126984126985	1.7555956	0.55686045	2.9732242	-0.017627774	19.301596	13.332593	80.73735	-12.043629	-6.519258e-09	-0.00021220313	-5.9604645e-08	0.00061658025	0.14460616	-0.0941668	199.67117	-139.3953	0	0	1.0	1.0877066	0.0068817195	3150000	7538.485954284668
105	17.497696	2.4015353	22.842045	12.647061	205.0	64.14567	309.0	93.0	1000.0	596439.0	0.18755943396226415	1.7836301	0.5111303	2.9427662	-0.0811442	20.316874	13.784742	92.42093	-10.232233	3.7252903e-09	-0.00081425847	2.9802322e-08	-0.003628048	0.13011543	-0.080222875	193.20001	-126.08859	0	0	1.0	1.0876079	0.003532996	3180000	7605.340740680695
106	16.509298	5.0009155	23.170408	3.6989539	194.16667	82.83702	358.0	68.0	1000.0	602143.0	0.1875834890965732	1.7745762	0.54394054	3.0904622	0.08502014	20.881775	13.142777	81.49628	-10.404382	3.7252903e-09	-0.0011011027	0.0	0.0033585967	0.21618229	-0.14197022	204.85077	-130.2763	0	0	1.0	1.0877213	0.0017445261	3210000	7672.147859573364
107	17.304304	3.8002203	25.06356	8.521049	164.70833	81.781456	301.0	0.0	1000.0	606848.0	0.18729876543209875	1.7783566	0.60583013	3.2461984	-0.08781442	17.595757	11.889844	75.01204	-11.000724	1.8626451e-09	-0.00044868654	7.4505806e-08	0.0052940473	0.18913022	-0.12921086	162.51535	-112.673386	0	0	1.0	1.0878264	0.0063814577	3240000	7738.417981624603
108	17.550188	2.3598	22.321476	13.310268	154.79167	87.30167	328.0	25.0	1000.0	611838.0	0.18710642201834862	1.8018436	0.518841	3.112062	-0.14122936	17.399546	12.327484	74.49539	-15.313636	-3.7252903e-09	-0.0005044164	3.7252903e-08	-0.0061411224	0.14871264	-0.102023855	183.33221	-127.474144	0	0	1.0	1.0877528	0.0037261285	3270000	7805.248844385147
109	18.383902	2.710503	24.267609	13.879178	198.20833	102.50974	452.0	45.0	1000.0	617637.0	0.1871627272727273	1.789339	0.5372875	3.2806835	0.035301816	18.385855	14.003469	79.540665	-9.169534	1.1175871e-08	-0.00093815126	1.5646219e-07	-0.00090322085	0.1788618	-0.12736279	189.87192	-131.66722	0	0	1.0	1.0876694	0.0033443724	3300000	7871.996221065521
110	18.233664	3.694961	23.976809	9.170739	187.375	96.313644	479.0	28.0	1000.0	623308.0	0.1871795795795796	1.8104076	0.57780474	3.2898445	-0.33859837	20.838295	13.939733	88.747055	-6.6209087	-1.4901161e-08	-0.00094681897	-2.9802322e-08	0.0008678101	0.18679777	-0.12900871	214.41791	-149.88406	0	0	1.0	1.0877488	0.0010728729	3330000	7939.702060222626
111	17.477955	2.875028	22.920193	9.580465	201.83333	80.92572	363.0	34.0	1000.0	629402.0	0.1873220238095238	1.8088126	0.56018007	3.1062744	-0.2040459	19.826447	13.0768	79.25977	-8.764062	1.3038516e-08	-0.0005474353	2.9802322e-08	-0.00039596856	0.17079714	-0.121831216	179.20233	-121.489075	0	0	1.0	1.0877728	0.0012938948	3360000	8006.390874385834
112	17.426142	3.0969203	23.187902	10.728256	196.75	111.294	444.0	0.0	1000.0	635376.0	0.18742654867256636	1.8235744	0.5681895	3.1904488	-0.32388943	21.725702	14.8378935	93.588	-9.705218	-2.2351742e-08	-0.0016088977	-1.0430813e-07	-0.0016537607	0.16636108	-0.12190276	190.10208	-129.97055	0	0	1.0	1.0879415	0.0014773651	3390000	8073.0155572891235
113	18.111925	2.6772761	22.284176	10.776791	170.41667	101.28093	351.0	8.0	1000.0	640641.0	0.18732192982456142	1.8183807	0.5223278	2.9942188	-0.05325385	18.533989	13.497394	81.03688	-11.607657	3.7252903e-09	-0.0014817155	-5.9604645e-08	-0.003132049	0.15494585	-0.10515481	182.01009	-125.43845	0	0	1.0	1.0881792	0.0014397745	3420000	8140.109381437302
114	18.27438	2.4476597	24.126501	14.091854	192.625	90.81841	391.0	69.0	1000.0	646132.0	0.1872846376811594	1.8738245	0.50501114	3.0634868	0.07583722	18.109121	14.267673	76.64044	-10.608932	9.313226e-10	-0.0015521513	0.0	-0.0045782197	0.13116589	-0.090640716	170.6282	-113.30069	0	0	1.0	1.0883183	0.0031932388	3450000	8206.650797843933
115	17.615171	3.2142942	22.057625	9.052968	180.91667	98.67029	509.0	16.0	1000.0	651697.0	0.18726925287356322	1.7905357	0.5637275	3.2377303	-0.00087378547	20.66121	13.170185	74.38692	-6.6131864	0.0	-0.0013183062	-2.9802322e-08	0.00442937	0.16077197	-0.108487874	178.17114	-120.484344	0	0	1.0	1.0888011	0.002316731	3480000	8273.714510917664
116	17.805124	3.7018263	21.482464	3.815418	212.625	99.967415	404.0	22.0	1000.0	657531.0	0.18733076923076922	1.8045983	0.51988167	3.0787928	0.06874486	17.580929	13.634826	80.640305	-9.801301	-1.44355e-08	-0.0015442974	-1.5646219e-07	-0.0010193819	0.12770997	-0.0919023	213.76907	-140.74179	0	0	1.0	1.0893321	0.0023180398	3510000	8340.682200431824
117	18.475046	1.902579	23.408476	13.4862585	158.625	79.72338	367.0	4.0	1000.0	662164.0	0.18705197740112994	1.8541985	0.5037156	3.1192865	-0.033174872	19.188887	12.5087595	77.4823	-5.0093293	9.313226e-10	-0.0009333389	-4.4703484e-08	0.0008162429	0.12470572	-0.0893686	173.98703	-117.467155	0	0	1.0	1.0897623	0.00097629207	3540000	8407.301017522812
118	17.96697	3.0435581	22.551094	11.515632	165.29167	100.69238	412.0	37.0	1000.0	667355.0	0.1869341736694678	1.8498961	0.47847018	3.1309536	0.38334364	16.638975	10.740224	72.23052	-10.784552	-7.450581e-09	-0.0013322796	-5.9604645e-08	0.0012261672	0.14676969	-0.10573207	197.87276	-127.41354	0	0	1.0	1.0901138	0.0018484665	3570000	8474.310417413712
119	18.315157	2.6505203	24.204653	12.239347	181.95833	74.99915	326.0	65.0	1000.0	673227.0	0.1870075	1.8178297	0.5451386	3.3547723	0.049009517	18.857868	13.694785	83.62728	-8.693659	-7.450581e-09	-0.0012330993	-7.4505806e-08	-0.0024931668	0.16338068	-0.115707204	208.68951	-135.54019	0	0	1.0	1.0900707	0.0021372158	3600000	8541.21770119667
120	18.67187	2.0083823	22.388096	15.631503	190.0	97.918335	407.0	18.0	1000.0	678362.0	0.18687658402203858	1.9411991	0.49895307	3.2476144	0.25147223	18.618229	12.142468	73.429665	-9.716659	1.7229468e-08	-0.0018289126	1.937151e-07	-0.00013415329	0.14090037	-0.09847387	196.36003	-127.038284	0	0	1.0	1.0899397	0.0022659954	3630000	8608.48690032959
121	18.24449	2.7790914	22.752121	10.842823	171.83333	91.08497	350.0	44.0	1000.0	683537.0	0.18675874316939892	1.8622936	0.52653277	3.2061625	-0.24450986	19.496584	13.242143	83.94851	-10.923901	-7.21775e-09	-0.0014401223	-1.0430813e-07	-0.0007997677	0.14988667	-0.105706684	182.8823	-120.78403	0	0	1.0	1.0898118	0.001634973	3660000	8675.204233407974
122	18.626484	2.4590251	24.106018	13.691084	186.125	112.41082	443.0	12.0	1000.0	689128.0	0.18675555555555556	1.8652185	0.48803294	2.9946568	0.08326846	17.809525	13.120688	87.0906	-8.053378	-9.313226e-09	-0.0011105356	4.4703484e-08	-0.0022335304	0.12931845	-0.09297449	195.73383	-124.68505	0	0	1.0	1.0897639	0.0016550033	3690000	8741.987195014954
123	18.113306	2.7570183	22.639145	9.406688	188.45833	84.22934	376.0	40.0	1000.0	694979.0	0.186822311827957	1.8899466	0.48503762	3.028578	0.06857686	19.598902	12.537143	76.01899	-7.8846297	2.6077032e-08	-0.0006697611	2.9802322e-08	-0.0014384035	0.11423391	-0.07985854	185.07956	-119.2022	0	0	1.0	1.0897009	0.0020148458	3720000	8809.087301015854
124	18.01889	3.4886682	24.38382	7.422941	222.625	103.42703	446.0	76.0	1000.0	701236.0	0.18699626666666666	1.860394	0.50540304	3.2607741	0.25218585	21.065329	12.665233	84.25323	-7.2627726	1.1175871e-08	-0.0011618733	7.450581e-09	0.00091601536	0.16295053	-0.122464545	203.34537	-137.47205	0	0	1.0	1.0895638	0.0016700142	3750000	8875.767601013184
125	17.356726	2.6971223	22.1837	9.610668	157.45833	88.955505	371.0	37.0	1000.0	706740.0	0.18696825396825398	1.8017042	0.55437386	3.3054552	-0.037286274	19.717648	14.088108	83.415855	-6.376139	-1.8626451e-09	-0.001868089	-5.9604645e-08	0.00033788756	0.1636755	-0.11820471	192.15579	-124.17988	0	0	1.0	1.089226	0.0033509764	3780000	8942.197102308273
126	18.695986	2.212032	23.029589	14.351397	138.75	76.04453	316.0	0.0	1000.0	711482.0	0.18674068241469816	1.840143	0.5067989	3.0368295	-0.296975	15.286542	11.915453	78.04463	-12.325979	0.0	-0.000996605	2.2351742e-08	-0.006930922	0.1192102	-0.085790515	171.91241	-110.07331	0	0	1.0	1.0889512	0.0034463017	3810000	9008.838971376419
127	18.598589	3.248807	23.03946	6.5090003	186.0	95.036835	387.0	0.0	1000.0	717309.0	0.18679921875	1.9182686	0.46041834	3.0807662	0.32319817	18.604006	13.4477005	76.01843	-6.5607615	-1.8626451e-09	-0.0013000118	-1.1920929e-07	0.00054490566	0.18104535	-0.13006431	185.13089	-124.580124	0	0	1.0	1.0887532	0.0021563722	3840000	9075.946164131165
128	18.707224	3.4211986	26.61497	9.708967	220.58333	89.95875	386.0	34.0	1000.0	724036.0	0.18708940568475452	1.9055939	0.5294765	3.09619	-0.042893395	20.530138	13.265256	77.90578	-8.049604	5.5879354e-09	-0.0006043336	1.8626451e-08	-0.00056526344	0.15317672	-0.1095112	200.26768	-130.46259	0	0	1.0	1.0886548	0.0017576852	3870000	9142.598546743393
129	18.6584	4.221521	22.629889	0.21347755	198.95833	97.98702	404.0	37.0	1000.0	729948.0	0.18716615384615384	1.8756852	0.5735629	3.1740656	-0.3721025	20.937817	12.030644	77.271904	-6.9510016	1.3969839e-08	-0.002148055	1.1175871e-07	-0.00517975	0.17482752	-0.13499314	204.13782	-135.97339	0	0	1.0	1.0885234	0.0037875585	3900000	9209.656108617783
130	18.776537	2.1479063	22.992323	15.186489	220.08333	119.76223	451.0	0.0	1000.0	736108.0	0.18730483460559796	1.8885233	0.5205335	3.0914829	-0.3040936	21.804262	14.566005	75.038185	-15.89627	6.519258e-09	-0.0013208863	-2.2351742e-08	-0.005312195	0.14977762	-0.10964003	182.21458	-123.12916	0	0	1.0	1.0883396	0.0020351938	3930000	9277.631810426712
131	17.843294	1.7722675	20.633108	12.053316	148.95833	95.192566	353.0	0.0	1000.0	741001.0	0.18712146464646465	1.9421331	0.44758606	3.256676	0.43553704	18.445366	13.633386	79.19796	-11.063048	3.7252903e-09	-0.00065753004	-1.4901161e-08	0.0051891403	0.12802215	-0.0987394	202.7012	-135.26984	0	0	1.0	1.0881917	0.002474478	3960000	9343.956696510315
132	18.514854	2.7333758	23.232893	11.475712	171.33333	80.87319	328.0	50.0	1000.0	745807.0	0.18691904761904762	1.8433954	0.52433276	3.0355337	-0.16901559	17.43822	12.204579	84.9481	-13.020855	1.0244548e-08	-0.0010975112	8.940697e-08	-0.0027757213	0.15627308	-0.11590739	194.9963	-126.86525	0	0	1.0	1.0880616	0.0010545714	3990000	9410.913154125214
133	19.499567	2.3359435	24.400747	15.575835	197.83333	85.648834	339.0	7.0	1000.0	751865.0	0.1870310945273632	1.9548562	0.47138736	3.100672	0.28930807	16.637981	12.406055	75.39673	-10.30952	-4.656613e-09	-0.0010575306	2.0861626e-07	0.006320551	0.11645509	-0.08530767	256.08838	-172.85442	0	0	1.0	1.087971	0.003258416	4020000	9477.413720846176
134	19.681427	2.2397132	24.644363	16.219522	169.625	79.77041	349.0	13.0	1000.0	757155.0	0.18695185185185184	1.9613733	0.44514772	3.1420188	0.43194085	19.69646	13.300006	85.51952	-7.661804	5.5879354e-09	-0.0014651397	0.0	-0.003392567	0.13888305	-0.10329053	178.39517	-104.91235	0	0	1.0	1.087846	0.0017185247	4050000	9544.839948177338
135	18.915237	2.2801871	23.489206	13.909647	201.0	90.48389	403.0	50.0	1000.0	763293.0	0.18708161764705883	1.9320542	0.5016558	3.1577928	0.15490198	20.322712	13.481958	93.81135	-8.648481	0.0	-0.001910096	1.1175871e-07	0.0018798709	0.124259755	-0.089821115	212.20456	-133.77652	0	0	1.0	1.0876877	0.0021995367	4080000	9611.356879711151
136	18.881536	2.4210513	23.971615	14.1702585	191.83333	81.91645	360.0	36.0	1000.0	769405.0	0.18720316301703163	1.9159696	0.47990182	3.1042542	0.5486544	21.101004	13.721791	86.79797	-6.5731883	-7.450581e-09	-0.0008098637	-7.4505806e-08	-0.0017851209	0.14893858	-0.10951568	191.40091	-126.368	0	0	1.0	1.0877442	0.0015110757	4110000	9678.158111333847
137	19.34351	2.5546136	22.798014	13.02663	206.29167	129.7634	611.0	59.0	1000.0	775432.0	0.1873024154589372	1.9529018	0.49467567	3.1653209	-0.021188412	20.37155	13.64676	89.06405	-7.0882554	-2.7939677e-09	-0.0007626187	-1.0430813e-07	0.002066981	0.12861434	-0.09460637	204.11574	-136.68657	0	0	1.0	1.0877702	0.0008555151	4140000	9745.361840724945
138	18.836105	2.2108662	23.328793	11.821869	198.33333	135.15135	475.0	18.0	1000.0	781026.0	0.18729640287769783	1.9035709	0.49404588	3.20559	0.14474493	19.12136	14.06976	93.9758	-11.33452	-1.8626451e-09	-0.0012210201	-7.4505806e-08	0.003422264	0.14078635	-0.106015645	226.29413	-157.02002	0	0	1.0	1.087617	0.0014996922	4170000	9812.18598484993
139	18.91553	1.7557241	22.18122	15.982295	163.125	112.983154	381.0	0.0	1000.0	786026.0	0.18714904761904763	1.9387206	0.46086967	3.1382687	0.41863388	19.200417	14.805696	87.765175	-9.021113	0.0	-0.0017155726	-1.8626451e-08	-0.0030925013	0.13378449	-0.10010055	192.51445	-129.22372	0	0	1.0	1.0874372	0.0016725035	4200000	9879.033041000366
140	18.339684	2.620622	23.957308	12.644288	145.58333	83.80678	294.0	0.0	1000.0	790715.0	0.18693026004728133	1.9042574	0.45478496	2.9910808	0.27957824	17.836382	12.4388	83.40729	-16.801146	-5.5879354e-09	-0.0011770173	-1.0430813e-07	-0.0030536614	0.13779074	-0.10122529	172.8789	-108.24279	0	0	1.0	1.0869354	0.0011873473	4230000	9946.617332220078
141	19.28478	2.1700299	22.827307	14.931587	209.79167	94.28635	480.0	76.0	1000.0	796860.0	0.187056338028169	1.91509	0.48318762	3.2335353	0.12698036	17.865446	12.28073	72.15264	-9.360496	-1.6763806e-08	-0.0021827559	4.8428774e-08	0.0012178763	0.12043856	-0.08817002	188.89197	-119.3691	0	0	3.0	1.086421	0.0020387154	4260000	10013.481789588928
142	18.584236	1.8757079	22.112965	15.076521	220.41667	104.57449	448.0	44.0	1000.0	803294.0	0.18724801864801865	1.9227059	0.48575103	3.254357	0.19160213	22.214876	13.93415	84.09065	-6.6870494	-2.7939677e-09	-0.019173605	5.9604645e-08	-0.0057419613	0.116311	-0.086436465	206.03789	-130.74747	0	0	79.0	1.0851285	0.0076449895	4290000	10093.982832193375
143	18.61686	2.5251818	21.825947	11.956137	237.66667	110.99237	563.0	41.0	1000.0	810309.0	0.18757152777777777	1.9054192	0.4316943	3.1599088	0.19936274	23.396376	15.626142	83.33547	-9.467975	2.2351742e-08	-0.01872406	4.4703484e-08	-0.003201723	0.11227107	-0.084271	209.39876	-135.98212	0	0	79.0	1.0568793	0.00715403	4320000	10174.048250436783
144	18.963236	4.2429557	24.637756	1.8108199	198.58333	84.95828	341.0	63.0	1000.0	816733.0	0.18775471264367816	1.943964	0.47192684	3.3065398	0.1619695	21.69983	13.97868	85.882286	-14.226975	-7.450581e-09	-0.019810528	2.2351742e-08	-0.027480077	0.19324125	-0.15208662	198.50475	-131.81422	0	0	79.0	1.0310352	0.0073025897	4350000	10253.679373025894
145	18.667116	2.8206825	26.309425	13.114951	222.0	123.97715	577.0	9.0	1000.0	823154.0	0.18793470319634703	1.995594	0.5250003	3.2660265	-0.0131326355	22.040476	13.601719	87.45016	-14.56514	1.6763806e-08	-0.02035964	-1.1920929e-07	0.005803356	0.1277493	-0.097895175	243.3957	-148.60703	0	0	79.0	1.0122609	0.008531498	4380000	10333.251631736755
146	18.217606	2.9108555	22.666706	10.239583	218.20833	135.92215	567.0	0.0	1000.0	829957.0	0.18819886621315193	1.9319892	0.49069753	3.2594156	0.10251087	23.095512	14.289567	84.79269	-6.8603854	-1.4901161e-08	-0.019448893	-1.1175871e-07	0.0054592364	0.17862517	-0.13644011	210.04626	-146.49292	0	0	79.0	0.99151987	0.0077042924	4410000	10413.442486286163
147	19.200941	2.1965477	22.72323	14.98799	186.875	99.52818	411.0	22.0	1000.0	835606.0	0.18819954954954954	1.8922524	0.4921732	3.1387005	-0.099762276	21.916	14.979034	85.96684	-14.281858	-1.1641532e-08	-0.019880012	1.7881393e-07	-0.008761538	0.15925777	-0.11864316	185.76892	-126.6126	0	0	79.0	0.970239	0.008366751	4440000	10492.877426862717
148	19.177094	2.740753	24.361738	10.901501	192.66667	87.11854	370.0	25.0	1000.0	841198.0	0.1881874720357942	1.9707427	0.46532854	3.1413934	0.21509531	19.694925	13.6775675	85.31429	-11.599627	1.1175871e-08	-0.018998768	-3.7252903e-09	-0.0013722414	0.14448762	-0.10515497	178.41881	-113.77252	0	0	79.0	0.9360916	0.010254489	4470000	10572.34415268898
149	19.077353	2.9079287	24.218336	13.609216	190.75	79.03282	333.0	48.0	1000.0	847069.0	0.18823755555555555	1.9729815	0.5025169	3.3514304	0.07663728	18.150358	12.729412	72.74971	-8.174846	9.313226e-09	-0.015157111	1.4901161e-08	0.004995726	0.16334158	-0.12065451	182.59253	-121.09875	0	0	67.0	0.92486	0.011707682	4500000	10649.959233045578
150	19.859974	2.645329	23.103518	10.94448	196.0	99.876175	427.0	43.0	1000.0	852896.0	0.18827726269315673	1.9761171	0.47260585	3.4072032	0.22144349	20.133312	14.348842	85.6663	-6.7139287	-1.4901161e-08	-0.013809502	8.940697e-08	-0.006705462	0.17648599	-0.13615459	181.83096	-121.5697	0	0	74.0	0.883554	0.014657669	4530000	10731.408608436584
151	19.335485	2.0091553	22.76917	14.401404	207.125	85.19209	403.0	57.0	1000.0	858709.0	0.18831337719298247	1.9938221	0.5113893	3.108782	0.025121123	21.24959	14.240859	88.22184	-7.3599377	-3.7252903e-09	0.009988571	1.1920929e-07	0.0074640336	0.13406658	-0.100276135	185.48022	-126.161476	0	0	1.0	0.8648727	0.01899134	4560000	10798.31425189972
152	19.184807	2.069109	23.414238	14.348513	223.29167	100.59219	465.0	52.0	1000.0	864760.0	0.188400871459695	1.9758505	0.4291456	3.2652693	0.15696624	20.558182	14.596488	86.59459	-8.001717	-5.1950337e-09	0.008336632	-8.195639e-08	0.005604267	0.13640775	-0.10271579	170.06049	-114.61795	0	0	1.0	0.8645527	0.01848153	4590000	10865.323230028152
153	18.790415	2.7141755	22.433584	8.67015	201.20833	95.31788	352.0	30.0	1000.0	871019.0	0.18853225108225108	1.9475523	0.4511811	3.1696613	0.2346896	21.482996	14.171906	78.071556	-5.0084143	1.1175871e-08	-0.0014516248	-7.4505806e-08	-0.0020822252	0.14693005	-0.11415693	195.46396	-128.5489	0	0	1.0	0.8644259	0.0026929006	4620000	10931.890877962112
154	18.853788	3.0586774	23.62815	11.950997	175.04167	93.85427	410.0	20.0	1000.0	876144.0	0.18841806451612902	1.9365671	0.49914926	3.2833612	-0.07298694	17.91209	12.251611	90.79058	-10.713412	-1.3969839e-09	-0.00036288254	-4.4703484e-08	0.0037236884	0.16146402	-0.12171772	185.43971	-124.44224	0	0	1.0	0.8646257	0.004845664	4650000	10999.151286840439
155	19.075254	2.647262	25.753332	15.405975	223.29167	111.77748	534.0	13.0	1000.0	882737.0	0.1886190170940171	1.903088	0.5054656	3.1734662	-0.14071997	20.80378	14.918536	85.61136	-11.589214	9.313226e-09	0.0020605978	-5.9604645e-08	-0.0017754226	0.14839128	-0.10926214	235.82343	-165.525	0	0	1.0	0.8648693	0.007547373	4680000	11065.734373569489
156	20.258772	1.8017732	23.902494	17.563341	203.375	120.71931	557.0	16.0	1000.0	888561.0	0.18865414012738854	1.9959825	0.43430457	3.0166485	0.2669688	19.919107	14.667582	84.29712	-8.756339	1.6763806e-08	-0.0008800628	-1.1175871e-07	0.0013495828	0.1214651	-0.08057417	206.35468	-136.81714	0	0	1.0	0.86525327	0.0057498002	4710000	11134.063193321228
157	18.886171	2.3465831	22.438404	12.154191	228.04167	119.19504	465.0	43.0	1000.0	895762.0	0.18897932489451477	2.0281827	0.45249477	2.9790187	0.2611276	25.138685	16.870533	99.216	-16.24998	6.9849193e-09	-0.0010537077	7.636845e-08	0.007868806	0.1515772	-0.10756752	216.27112	-144.72003	0	0	1.0	0.8656272	0.0034660962	4740000	11200.674410104752
158	19.903349	3.2512863	24.582561	7.0831666	191.125	115.18294	481.0	39.0	1000.0	901608.0	0.18901635220125787	1.9889145	0.4613393	3.0746052	-0.21981746	22.548258	14.517524	85.12308	-8.112335	1.4901161e-08	0.0015300652	-2.9802322e-08	-0.0057591684	0.15138297	-0.10711291	209.43622	-138.69221	0	0	1.0	0.8659327	0.007653363	4770000	11267.180356264114
159	18.988562	2.222122	24.254581	15.045701	185.66667	94.65801	382.0	35.0	1000.0	906640.0	0.18888333333333332	1.9533072	0.5306378	3.3132951	-0.21048507	18.992037	12.512124	81.49595	-13.113607	-1.071021e-08	-0.0009680075	8.940697e-08	-0.0023020934	0.1272062	-0.08678433	189.49951	-130.65495	0	0	1.0	0.86660814	0.0037808074	4800000	11333.898902893066
160	18.508017	3.2037895	23.651575	9.583517	237.20833	96.50345	424.0	70.0	1000.0	913376.0	0.18910476190476191	1.9346657	0.5002995	3.09029	0.12948994	19.861654	14.000751	93.19591	-10.314838	7.450581e-09	0.00011799461	-3.7252903e-08	-0.0029111058	0.16501749	-0.114802465	221.24199	-153.50723	0	0	1.0	0.86707175	0.005215953	4830000	11401.926849603653
161	18.912584	2.6251051	23.07475	14.341105	193.79167	96.75527	507.0	44.0	1000.0	918854.0	0.18906460905349795	1.9466518	0.5450815	3.184728	-0.029631756	20.326395	11.877851	69.02953	-5.186798	2.3283064e-10	-0.0013243202	2.2351742e-08	0.0029422261	0.1592623	-0.115771815	195.28497	-126.256775	0	0	1.0	0.86767143	0.0027339915	4860000	11468.773260593414
162	20.535858	2.0018392	25.000025	16.812603	165.83333	92.14828	357.0	0.0	1000.0	923465.0	0.1888476482617587	2.0039427	0.47968224	3.3448925	0.032323122	17.152184	12.550286	73.33918	-9.118138	-7.450581e-09	-0.00024145353	5.9604645e-08	-0.0015966687	0.13365445	-0.09377842	163.03476	-106.62785	0	0	1.0	0.86819726	0.0040221876	4890000	11535.351958990097
163	19.328758	3.5431216	25.551939	9.454449	190.79167	88.828476	326.0	0.0	1000.0	929065.0	0.18883434959349593	2.0116096	0.50089496	3.1034071	-0.11005142	17.864567	13.225799	80.88809	-10.884506	0.0	-0.00044406182	-2.9802322e-08	-0.0015027411	0.15738535	-0.111471236	178.77194	-116.85353	0	0	1.0	0.86869395	0.0046410514	4920000	11602.014972925186
164	19.03287	2.1116421	22.99328	14.868193	195.5	94.07178	379.0	25.0	1000.0	935147.0	0.18891858585858587	1.9998323	0.5161923	3.1962502	0.14223436	19.9621	13.195997	81.63427	-11.368461	-6.0535967e-09	-0.0008717568	-7.450581e-09	-0.0044971295	0.16294655	-0.11979017	190.01982	-122.15902	0	0	1.0	0.8692757	0.001627987	4950000	11668.8967730999
165	19.378881	2.389135	23.069477	14.939972	154.70833	73.32603	330.0	49.0	1000.0	939907.0	0.18873634538152612	1.9942219	0.46373612	3.2308908	0.20053516	16.918365	13.073934	77.933235	-11.532082	-5.5879354e-09	-0.0009129103	4.8428774e-08	-0.00075133704	0.11924811	-0.085150324	152.38594	-95.60275	0	0	1.0	0.87002987	0.0021907846	4980000	11735.808402061462
166	19.723219	1.8196118	22.95004	15.231322	154.20833	102.00122	379.0	0.0	1000.0	944580.0	0.18853892215568863	2.0136926	0.46631536	3.3474536	-0.26617023	16.735563	12.333397	73.293625	-12.782732	-1.0244548e-08	-0.0011088182	1.1920929e-07	0.0017610183	0.12698664	-0.092926204	135.37823	-82.380875	0	0	1.0	0.87090945	0.003803417	5010000	11802.394475698471
167	19.65817	2.2800684	24.387476	14.703331	179.45833	104.30363	430.0	30.0	1000.0	949838.0	0.18845992063492065	1.9859568	0.47744122	3.088985	0.17331055	17.739466	11.789214	74.93167	-6.553007	1.6298145e-08	-0.0008450019	2.2351742e-08	-0.0012914762	0.110634424	-0.07831864	171.41656	-107.49217	0	0	1.0	0.8717595	0.0012780984	5040000	11868.84670996666
168	20.096165	2.1105895	23.71007	15.8888035	187.91667	109.0634	428.0	8.0	1000.0	955850.0	0.18853057199211046	2.013046	0.46900037	3.1241536	0.30828258	19.166328	13.617316	88.51349	-8.203519	5.5879354e-09	-0.00041602412	2.9802322e-08	-0.002307116	0.1069823	-0.07179761	188.29248	-120.59793	0	0	1.0	0.87256265	0.004384284	5070000	11936.011157274246
169	19.430819	2.695549	22.818644	12.832896	176.29167	77.47283	376.0	52.0	1000.0	961286.0	0.18848745098039216	1.9890001	0.47060576	3.1553938	0.5155305	18.920988	12.922758	81.93892	-5.9063635	-9.313226e-09	-0.00043462924	-1.1920929e-07	-0.0004408229	0.10998236	-0.07383476	190.17087	-125.41594	0	0	1.0	0.87335217	0.0057907146	5100000	12002.590550899506
170	19.966682	1.9035838	23.762476	16.911245	181.66667	90.91144	407.0	59.0	1000.0	966448.0	0.1883914230019493	2.0130148	0.4834883	3.144871	0.30776298	18.97001	12.747054	75.230064	-6.656326	0.0	-0.0012128793	5.9604645e-08	0.0019066446	0.12714598	-0.08910997	164.17662	-104.47071	0	0	1.0	0.87391925	0.0019948203	5130000	12071.025180101395
171	18.479414	4.263517	26.031986	1.9350435	166.70833	83.83688	302.0	11.0	1000.0	971464.0	0.18826821705426355	1.9710373	0.5123456	3.1110976	0.04996389	17.922667	11.353093	69.65046	-9.271195	1.3038516e-08	-0.0014090389	1.4901161e-08	0.0018744282	0.16608773	-0.119740546	190.74762	-115.19502	0	0	1.0	0.8744593	0.0039166585	5160000	12137.682688951492
172	19.566998	3.1933885	23.806385	11.207575	209.25	65.59042	345.0	75.0	1000.0	977504.0	0.18834373795761078	1.9014442	0.53971815	3.3386395	-0.337929	18.549133	11.969149	75.9553	-3.9003408	3.7252903e-09	-0.001798081	2.9802322e-08	-0.0010528069	0.18870977	-0.13942248	179.2307	-111.53136	0	0	1.0	0.8749326	0.001736199	5190000	12204.66314291954
173	19.100267	2.1210968	23.953085	16.261936	183.75	93.03595	368.0	48.0	1000.0	982988.0	0.188311877394636	1.9793494	0.49713162	3.2621012	0.14484543	19.438745	11.485344	75.585976	-3.3789692	1.8626451e-09	-0.001097112	5.2154064e-08	-1.2181699e-05	0.13665622	-0.09771979	183.00345	-117.82678	0	0	1.0	0.8753356	0.0011004261	5220000	12271.442842721939
174	19.745396	2.587242	24.42246	14.150214	194.54167	106.63918	442.0	32.0	1000.0	988721.0	0.18832780952380954	1.9602346	0.49684116	3.2584186	0.03382758	19.609837	13.514849	72.44272	-8.491213	-9.313226e-09	-0.0010698999	-8.940697e-08	0.0026943712	0.14292514	-0.10247946	197.88048	-127.35074	0	0	1.0	0.87584513	0.00081843795	5250000	12338.494547843933
175	19.014545	2.901509	23.702232	13.710785	196.91667	87.36653	383.0	42.0	1000.0	994821.0	0.1884130681818182	1.9319372	0.53853285	3.4601498	0.19210956	20.70399	13.479116	75.91787	-8.252785	6.519258e-09	-0.001280365	-1.0430813e-07	0.0002833791	0.18729681	-0.14070797	211.14034	-141.99557	0	0	1.0	0.8763184	0.0024963496	5280000	12405.945729970932
176	19.67602	2.5544832	25.072437	12.865135	163.125	90.76035	324.0	11.0	1000.0	999727.0	0.18827250470809792	1.9472591	0.48254412	3.1741376	-0.059261546	18.988846	13.150277	79.06838	-8.130797	-1.3038516e-08	-0.0011254553	1.4156103e-07	0.00011977926	0.13809586	-0.09383143	178.1776	-118.0858	0	0	1.0	0.8767309	0.0012491355	5310000	12472.504492282867
177	18.819157	2.506187	23.081345	11.598266	163.54167	90.82813	385.0	12.0	1000.0	1004918.0	0.1881868913857678	1.9682829	0.49963433	3.3036027	-0.030846968	16.789053	12.961247	82.38808	-13.223063	-1.1175871e-08	-0.0012645861	-1.4901161e-08	0.0010183062	0.13484207	-0.0961574	191.68901	-124.32092	0	0	1.0	0.8769597	0.0022482355	5340000	12539.20296740532
178	19.055328	2.6736841	22.74991	12.164419	173.625	94.68185	351.0	23.0	1000.0	1010235.0	0.18812569832402234	1.9809754	0.5110045	3.3921523	0.033840485	17.782364	13.22502	83.86227	-9.950766	-3.7252903e-09	-0.0012047561	1.1920929e-07	-0.0029216856	0.13969283	-0.09776477	177.56445	-107.34416	0	0	1.0	0.87694514	0.0012590273	5370000	12606.079030275345
179	19.205935	3.5660443	24.093449	9.203019	186.58333	81.140274	436.0	63.0	1000.0	1016148.0	0.18817555555555557	1.9318198	0.51279175	3.0774279	-0.21317978	18.673536	13.165485	76.68875	-5.6790195	-4.656613e-09	-0.0010648569	-1.4901161e-08	0.0020594783	0.17369121	-0.12527965	193.50009	-120.467476	0	0	1.0	0.8768145	0.00093719614	5400000	12673.346290588379
180	18.879126	4.009071	22.954613	1.303598	192.33333	116.00778	413.0	0.0	1000.0	1022002.0	0.18821399631675875	1.9963192	0.529212	3.4965124	-0.2069374	19.150902	14.092116	95.30157	-7.758902	-1.1175871e-08	-0.0018978363	-7.8231096e-08	0.0009091897	0.15144917	-0.10905146	194.25414	-120.73896	0	0	1.0	0.87634283	0.00185927	5430000	12741.901246786118
181	20.015936	2.4381838	24.322836	14.355797	169.375	76.53802	310.0	31.0	1000.0	1027023.0	0.18809945054945054	1.9997709	0.49804622	3.1531425	-0.3472019	18.252014	13.380818	73.951836	-6.826626	3.7252903e-09	-0.0016037761	2.9802322e-08	-0.00084225205	0.12599853	-0.08847363	152.37094	-100.29431	0	0	1.0	0.875989	0.0014423521	5460000	12808.545273542404
182	18.64583	3.4222243	22.908007	4.058752	211.375	93.75714	398.0	53.0	1000.0	1033024.0	0.18816466302367943	1.9784814	0.48269776	3.1568863	-0.022440217	19.531805	13.208186	81.228714	-12.476124	-1.1175871e-08	-0.0013290412	7.450581e-09	-0.00069818366	0.19281727	-0.14147738	206.30925	-129.26427	0	0	1.0	0.8756283	0.0013253225	5490000	12875.37129187584
183	19.820475	2.3664272	25.58552	16.103754	199.375	105.46121	515.0	49.0	1000.0	1038849.0	0.18819728260869564	1.9633211	0.47363353	3.1976488	-0.26992893	20.905588	13.379547	81.923065	-4.4446764	5.122274e-09	-0.0011726958	2.2351742e-08	0.0026868964	0.13246351	-0.09219119	177.41385	-113.36866	0	0	1.0	0.87533605	0.00095230516	5520000	12942.48968744278
184	20.054964	2.5472422	23.49551	12.293815	162.70833	65.194244	329.0	42.0	1000.0	1044204.0	0.18814486486486487	2.0584354	0.4619616	3.1574244	0.101195276	18.771774	13.619621	88.024345	-4.0398927	-1.3038516e-08	-0.0012364585	1.2665987e-07	-0.0017121444	0.13380566	-0.09092763	150.17755	-96.80214	0	0	1.0	0.8751147	0.0008553505	5550000	13009.16226696968
185	19.618052	2.1818001	24.205162	15.138896	209.08333	133.22504	610.0	14.0	1000.0	1050078.0	0.18818602150537633	2.0166197	0.47086668	3.1064885	-0.0060674734	18.866888	13.030599	79.010124	-4.9056306	-9.313226e-09	-0.0011875089	0.0	-0.004482329	0.106048375	-0.07214564	190.3745	-124.5886	0	0	1.0	0.8748364	0.00104815	5580000	13076.154370546341
186	19.332499	3.482992	25.727211	8.614948	152.66667	114.390656	427.0	28.0	1000.0	1054532.0	0.18797361853832442	2.0070004	0.48638138	3.2522955	-0.21849856	18.273794	13.944317	89.14287	-7.2011175	1.8626451e-09	-0.0011323052	1.0430813e-07	-0.0008990336	0.15619883	-0.11085703	176.8512	-113.27889	0	0	1.0	0.8747652	0.0010984045	5610000	13143.019228935242
187	19.391317	2.2939749	23.274641	15.406381	204.95833	67.48363	362.0	77.0	1000.0	1060692.0	0.1880659574468085	2.004329	0.5224154	3.375107	-0.11710827	18.872858	14.357448	88.2602	-8.994911	8.381903e-09	-0.0009470441	-7.4505806e-08	0.001763843	0.14230473	-0.09788579	183.79778	-115.78479	0	0	1.0	0.87476784	0.001015804	5640000	13209.580252408981
188	19.266039	3.3466618	23.082937	10.216899	210.04167	104.2427	451.0	43.0	1000.0	1066955.0	0.18817548500881834	1.9726136	0.5158994	3.2662573	0.080841996	20.219278	13.328445	77.705154	-5.9375267	1.3038516e-08	-0.0017157145	-1.1920929e-07	0.0029932298	0.13358548	-0.093649045	181.65445	-113.62747	0	0	1.0	0.8746355	0.0018573822	5670000	13276.805063009262
189	19.013813	1.8285846	22.313997	14.521507	173.95833	94.539444	378.0	9.0	1000.0	1072321.0	0.18812649122807018	2.0114126	0.50212675	3.2399626	-0.07834621	19.47002	13.682801	74.90507	-7.053669	-2.3283064e-09	-0.00048688194	-1.7881393e-07	-0.00092293695	0.14026636	-0.10166079	176.59857	-106.598175	0	0	1.0	0.87459904	0.0020847884	5700000	13344.331569433212
190	18.970955	3.055273	24.908108	9.863891	235.08333	104.50435	497.0	54.0	1000.0	1078932.0	0.18829528795811518	1.9629568	0.480626	3.3298905	-0.0019552559	19.990837	12.903187	74.740456	-8.559835	-1.3038516e-08	-0.0005309917	-1.2665987e-07	-0.002172708	0.17635068	-0.12890418	221.55879	-146.82953	0	0	1.0	0.874687	0.0039396724	5730000	13413.016636133194
191	19.242327	3.2093997	27.476446	12.289013	224.08333	92.81698	387.0	0.0	1000.0	1085214.0	0.18840520833333332	1.9251701	0.51785237	3.198459	-0.17057541	22.841679	14.772261	84.389824	-9.996858	1.8626451e-09	-0.00073093525	5.9604645e-08	0.0019483264	0.16050255	-0.10695958	212.15356	-133.45786	0	0	1.0	0.8748405	0.0015739747	5760000	13480.66971731186
192	19.211887	3.2310636	24.437553	9.746878	204.91667	105.58247	443.0	49.0	1000.0	1091274.0	0.18847564766839378	1.9978868	0.483704	3.1883724	0.15190488	20.476429	14.36942	97.267975	-8.860722	1.8626451e-09	0.0007255906	-8.195639e-08	-0.013274103	0.17457959	-0.13203277	197.99332	-122.54907	0	0	1.0	0.8749491	0.0053718425	5790000	13548.33598279953
193	19.516478	3.516369	25.598722	13.670141	227.125	87.622444	416.0	106.0	1000.0	1097747.0	0.18861632302405498	1.9793738	0.53559446	3.1854203	-0.09509994	20.729794	13.428486	86.08754	-6.2794824	-9.313226e-10	-0.0016476163	-5.9604645e-08	-0.004253193	0.16374478	-0.11071938	191.38364	-121.249985	0	0	1.0	0.8752419	0.0031519432	5820000	13615.008898496628
194	19.130348	2.4146793	24.513033	13.91222	196.20833	81.62209	336.0	0.0	1000.0	1103447.0	0.1886234188034188	1.9873084	0.5315611	3.490613	-0.07414011	20.854963	13.26417	77.01458	-4.2695494	1.8626451e-09	0.00046845968	-1.2293458e-07	0.0007851133	0.14521381	-0.09940372	160.86089	-98.18491	0	0	1.0	0.8756259	0.0053216023	5850000	13682.49982047081
195	19.219719	2.303722	23.188957	12.658432	163.66667	92.305954	461.0	11.0	1000.0	1108196.0	0.1884687074829932	1.9255474	0.5390992	3.1269345	-0.4154425	18.103483	12.639148	81.148796	-4.659803	2.7939677e-09	-0.0014723784	5.9604645e-08	-0.004704547	0.14119655	-0.09615585	167.70746	-98.30904	0	0	1.0	0.8759605	0.0031114514	5880000	13749.315457582474
