Epoch	AverageEpRet	StdEpRet	MaxEpRet	MinEpRet	AverageEpCost	StdEpCost	MaxEpCost	MinEpCost	EpLen	CumulativeCost	CostRate	AverageVVals	StdVVals	MaxVVals	MinVVals	AverageCostVVals	StdCostVVals	MaxCostVVals	MinCostVVals	LossPi	DeltaLossPi	SurrCost	DeltaSurrCost	LossV	DeltaLossV	LossVC	DeltaLossVC	Penalty	DeltaPenalty	Alpha	BacktrackIters	Entropy	KL	TotalEnvInteracts	Time
0	0.04879229	0.8937389	2.057545	-1.5326977	105.458336	96.660904	361.0	0.0	1000.0	2978.0	0.09926666666666667	0.2516921	0.2749657	1.2190032	-0.7349566	-0.57938886	0.30681315	0.7707206	-1.5275853	2.514571e-08	-0.012115962	-1.3411045e-07	-0.002424946	0.14930046	-0.1128378	356.83377	-124.58255	0	0	1.6541047	0.0	1.837877	0.008495058	30000	70.64367604255676
1	0.20020074	0.85158306	2.6946652	-1.4259024	100.291664	80.72044	292.0	0.0	1000.0	6161.0	0.10268333333333333	0.05409911	0.08349252	0.41014695	-0.2897094	10.351178	3.1513238	17.475069	-4.274837	1.3038516e-08	-0.013405283	-1.4901161e-08	0.004460681	0.02672972	-0.005172364	284.86774	-23.458532	0	0	1.4924816	0.0	1.8399469	0.008014623	60000	138.56278681755066
2	0.30228078	0.6600775	1.8507572	-0.64739597	138.79167	116.34753	398.0	0.0	1000.0	10166.0	0.11295555555555556	0.025587814	0.10299995	0.4685631	-0.42710868	10.0966215	5.19942	22.806091	-8.856884	1.0244548e-08	-0.012984761	-1.0058284e-07	-0.0045626163	0.02425532	-0.0038547395	373.02603	-34.181534	0	0	1.5181248	0.0	1.8139613	0.008707459	90000	206.07610845565796
3	0.55645704	0.7922894	2.5269444	-0.48785755	158.45833	147.39064	657.0	0.0	1000.0	14651.0	0.12209166666666667	0.035727363	0.08849376	0.38083303	-0.34942263	14.984892	5.179735	26.250378	-6.542122	-5.122274e-09	-0.015022237	0.0	0.00048268586	0.029008966	-0.0037672846	441.64478	-48.418877	0	0	1.380872	0.0	1.8150941	0.008673159	120000	273.4780306816101
4	0.85916406	1.2442049	4.5676527	-0.9813026	147.70833	117.61678	405.0	0.0	1000.0	18466.0	0.12310666666666667	0.06384554	0.086107135	0.4215562	-0.20972952	16.243288	5.4482837	30.619547	-11.122807	7.450581e-09	-0.014721059	4.4703484e-08	0.0023359242	0.036491722	-0.0048581017	320.939	-47.75516	0	0	1.3838419	0.0	1.8114219	0.008812458	150000	340.8668439388275
5	1.173307	0.8767537	2.5066776	-0.6933465	129.04167	121.69137	451.0	0.0	1000.0	22467.0	0.12481666666666667	0.07379121	0.09719848	0.4909833	-0.29728815	15.339947	5.6159687	32.767876	-6.6264176	2.2351742e-08	-0.015038123	-2.3841858e-07	0.010776574	0.035797223	-0.0075621116	410.86688	-79.20256	0	0	1.4192777	0.0	1.8187408	0.00963892	180000	408.44955611228943
6	1.9043055	1.290409	4.64731	-0.6041963	147.58333	147.0898	545.0	0.0	1000.0	26483.0	0.1261095238095238	0.12841491	0.12071911	0.66543776	-0.22929223	14.827708	6.60234	41.77357	-9.101396	5.5879354e-09	-0.012907674	8.940697e-08	0.006024141	0.038045973	-0.0077654687	344.7268	-112.30124	0	0	1.6416079	0.0	1.8197184	0.009458172	210000	476.3405282497406
7	2.2165089	1.6335378	6.063004	-0.1347172	192.45833	132.9815	455.0	0.0	1000.0	32403.0	0.1350125	0.17706442	0.15637787	0.9848451	-0.15071477	14.797839	10.2022705	47.423077	-18.073244	-6.519258e-09	-0.014080441	-3.7252903e-08	0.0040549454	0.052640785	-0.010900909	505.48096	-168.43855	0	0	1.4999828	0.0	1.8243465	0.009726642	240000	543.6421635150909
8	2.6341684	1.6359637	5.10643	-0.492984	194.125	115.264305	483.0	19.0	1000.0	37614.0	0.1393111111111111	0.24978113	0.21334673	1.2687328	-0.2493862	20.63565	10.209139	58.380997	-24.297115	3.7252903e-09	-0.011816835	5.9604645e-08	0.015950028	0.06105233	-0.012745363	476.07227	-133.19795	0	0	1.3693813	1.0	1.8095006	0.0062983087	270000	611.0300831794739
9	3.54673	1.6823581	6.5870137	-0.23057374	180.83333	129.24998	492.0	0.0	1000.0	42846.0	0.14282	0.2840129	0.2223739	1.2179955	-0.1857792	19.807186	8.886379	58.406616	-16.80322	8.381903e-09	-0.012939146	4.4703484e-08	-0.007711269	0.073776186	-0.022985853	422.61993	-137.32024	0	0	1.5551085	0.0	1.8151181	0.0092277415	300000	678.3532373905182
10	3.6873162	1.6887143	7.051314	-0.727075	215.08333	123.44429	413.0	16.0	1000.0	48969.0	0.1483909090909091	0.38768765	0.26724198	1.5245789	-0.18460277	18.19735	10.460247	64.31288	-6.900607	2.3283064e-09	-0.013305398	-5.9604645e-08	-0.0065854974	0.057768524	-0.010228381	434.27533	-127.574615	0	0	1.5096266	0.0	1.8098974	0.009225559	330000	746.5567936897278
11	5.1050105	2.1629305	9.500827	-0.21224867	174.375	122.38151	447.0	0.0	1000.0	54226.0	0.15062777777777778	0.42289573	0.28406855	1.5232142	-0.15964273	20.96482	11.466653	69.86666	-11.465201	-1.1175871e-08	-0.011775344	-7.4505806e-08	0.005902199	0.12412816	-0.040934958	390.2249	-146.27493	0	0	1.3623191	1.0	1.7883015	0.0063106534	360000	813.9059724807739
12	6.899298	2.5732708	12.480564	1.5955492	119.625	86.828766	317.0	0.0	1000.0	57657.0	0.14783846153846153	0.58956534	0.36924756	1.9182073	-0.12563089	17.451202	9.291131	59.101986	-14.82514	-5.5879354e-09	-0.014221646	-3.7252903e-08	-0.002794005	0.100667015	-0.024643226	287.12476	-116.906586	0	0	1.4442418	0.0	1.7757314	0.009594457	390000	881.2693190574646
13	6.294937	2.5657992	10.637368	-0.6960942	198.54167	106.10843	405.0	25.0	1000.0	63540.0	0.15128571428571427	0.6204375	0.38743207	2.0283701	-0.16604434	12.7149315	8.865351	60.528553	-8.460076	5.5879354e-09	-0.015302039	5.9604645e-08	0.0014140317	0.091588415	-0.021080758	451.71704	-217.72931	0	0	1.3672239	0.0	1.7534282	0.009675837	420000	948.7581167221069
14	7.047026	2.3819602	11.733114	3.5803952	179.33333	134.15094	522.0	0.0	1000.0	68874.0	0.15305333333333335	0.70823866	0.437297	2.2657266	-0.16389811	21.778996	12.563795	73.11798	-10.434534	3.7252903e-09	-0.013387668	7.4505806e-08	0.001687861	0.11745779	-0.03687246	320.55554	-150.21945	0	0	1.5384753	0.0	1.7385602	0.009705109	450000	1016.3090739250183
15	8.377236	3.1319995	16.134624	2.299131	222.0	125.414314	515.0	0.0	1000.0	75590.0	0.15747916666666667	0.80085367	0.42495465	2.1566882	-0.094896756	19.754929	13.923056	74.96793	-20.79361	9.313226e-10	-0.012588983	-2.9802322e-08	-0.022193693	0.1114492	-0.034383837	334.16364	-129.59541	0	0	1.5748682	0.0	1.7231085	0.009355366	480000	1084.4054579734802
16	9.599312	3.4530919	18.348145	0.8998512	169.125	99.84418	453.0	17.0	1000.0	80832.0	0.1584941176470588	0.8792874	0.42216754	2.2140625	0.027155234	21.217598	11.453086	67.301926	-17.440575	5.122274e-09	-0.0141498055	-2.2351742e-08	0.00594546	0.13468981	-0.04149746	307.33804	-129.36926	0	0	1.4200748	0.0	1.7069803	0.009546521	510000	1152.0989925861359
17	11.218944	2.291756	14.593521	5.148611	155.91667	93.390274	393.0	0.0	1000.0	85974.0	0.1592111111111111	1.071578	0.4433991	2.5253007	0.019852377	17.144617	11.065628	67.14662	-5.3510904	-1.6298145e-08	-0.013237441	1.6391277e-07	-0.003168187	0.13053319	-0.044129524	241.09634	-102.15584	0	0	1.4910785	0.0	1.6804996	0.009673164	540000	1219.6668574810028
18	11.624162	1.6870338	14.50721	7.5877957	175.79167	113.90273	367.0	6.0	1000.0	91188.0	0.15997894736842105	1.1700572	0.410027	2.267003	0.051314443	18.271265	11.2322035	69.115616	-5.9166503	-1.8626451e-09	-0.012968665	0.0	0.0004982762	0.11322662	-0.03202102	255.5542	-103.321106	0	0	1.5214082	0.0	1.6695964	0.009269445	570000	1286.9694542884827
19	11.47936	3.177422	16.266487	4.272575	196.66667	116.54386	433.0	0.0	1000.0	97360.0	0.16226666666666667	1.176492	0.43258846	2.4058337	0.07036128	19.558393	12.217153	69.49924	-11.829926	9.313226e-10	-0.013095235	-1.4901161e-08	0.0068953913	0.134837	-0.040776834	300.4939	-119.637886	0	0	1.5339404	0.0	1.6408179	0.009489399	600000	1354.69530916214
20	11.736194	3.1555345	17.075663	4.8242702	176.125	113.50783	529.0	10.0	1000.0	102574.0	0.16281587301587302	1.1927394	0.4737403	2.2884545	-0.008885905	21.014324	12.442827	79.39334	-5.601633	1.0477379e-08	-0.013759372	7.4505806e-08	-0.0036630873	0.14586098	-0.04489764	246.97672	-119.076355	0	0	1.4794117	0.0	1.604024	0.009602104	630000	1423.3355739116669
21	12.127888	2.5017595	18.313988	7.313728	194.125	116.73414	548.0	33.0	1000.0	108449.0	0.16431666666666667	1.20182	0.49550518	2.384722	-0.09709397	18.679846	11.978593	71.44361	-4.7295237	8.8475645e-09	-0.012052896	-4.4703484e-08	0.00038177148	0.12063575	-0.043856546	277.604	-127.325424	0	0	1.6329956	0.0	1.5698957	0.009536846	660000	1491.1465466022491
22	13.21003	2.8071687	17.603258	5.02089	155.33333	105.70937	402.0	18.0	1000.0	113230.0	0.16410144927536233	1.2510872	0.4540395	2.40189	-0.019415865	19.77993	12.435446	77.6375	-10.748635	1.1175871e-08	-0.013347578	-1.1175871e-07	0.0016480992	0.1299591	-0.04394239	251.4274	-124.613754	0	0	1.4664488	0.0	1.5426626	0.009272858	690000	1558.9286081790924
23	13.279763	2.6446424	18.731014	6.998318	176.45833	103.25372	401.0	16.0	1000.0	118685.0	0.16484027777777777	1.3409816	0.46653634	2.5546472	0.07220599	17.876108	12.73665	72.85321	-10.149321	-1.8626451e-09	-0.012793974	1.1175871e-07	0.007576278	0.13355629	-0.047263846	248.36215	-111.54489	0	0	1.5182099	0.0	1.5294228	0.009357944	720000	1626.6603055000305
24	13.338136	2.6227996	18.517223	7.0301247	139.08333	77.51554	304.0	13.0	1000.0	123380.0	0.16450666666666666	1.357753	0.4725675	2.3785868	0.1591239	17.870499	11.301451	68.54696	-5.1205764	-1.3038516e-08	-0.013065637	0.0	0.012390233	0.13764334	-0.05183249	219.5323	-97.20639	0	0	1.5188276	0.0	1.5108271	0.009298382	750000	1694.747854232788
25	12.763301	3.8635187	18.266132	2.9170094	206.375	111.91805	469.0	61.0	1000.0	129488.0	0.1660102564102564	1.3443828	0.5598754	2.532857	-0.1920216	18.448284	11.496286	76.41795	-5.1785393	6.519258e-09	-0.012568762	0.0	-0.020951105	0.1600874	-0.05376744	297.2818	-139.66037	0	0	1.5902712	0.0	1.4978104	0.009440607	780000	1763.0827627182007
26	12.704212	4.633798	20.721638	1.7434305	194.20833	106.24225	416.0	37.0	1000.0	135372.0	0.16712592592592593	1.3321496	0.5541868	2.5842707	-0.12211229	20.313229	11.744769	72.899734	-4.7764173	-3.7252903e-09	-0.013010704	-8.940697e-08	-0.0071335062	0.16453159	-0.06772141	272.89813	-129.58531	0	0	1.5382359	0.0	1.4880885	0.009569146	810000	1830.7266931533813
27	14.358087	2.8361552	18.67807	4.6362534	193.08333	80.277084	351.0	51.0	1000.0	141129.0	0.1680107142857143	1.4804516	0.5131935	2.5651119	-0.53031343	20.139717	11.419229	77.83003	-2.174613	-8.381903e-09	-0.012053741	5.2154064e-08	0.015030097	0.12638333	-0.05793228	220.23416	-110.387985	0	0	1.5696126	0.0	1.4570954	0.009579288	840000	1898.3067779541016
28	15.389653	2.881926	19.747211	8.651509	194.54167	70.668816	309.0	35.0	1000.0	146757.0	0.16868620689655173	1.5263773	0.49905232	2.890669	-0.0458413	20.759062	12.066801	77.47083	-4.431333	-5.5879354e-09	-0.012968878	-5.9604645e-08	0.0053148735	0.13144347	-0.051258735	217.44955	-102.1263	0	0	1.5167035	0.0	1.425364	0.009198692	870000	1966.3176159858704
29	15.791771	2.5409381	20.104559	10.091762	189.95833	74.44488	354.0	39.0	1000.0	152259.0	0.16917666666666667	1.6221828	0.46982378	2.7722497	0.20177665	18.637817	11.868652	76.63297	-2.2035642	-4.656613e-09	-0.012178961	-8.940697e-08	-0.0034006014	0.159984	-0.0636475	207.79663	-90.47443	0	0	1.6493086	0.0	1.4146422	0.009570292	900000	2034.5323781967163
30	15.230812	2.556681	19.05688	10.859448	200.95833	109.28841	383.0	0.0	1000.0	158217.0	0.1701258064516129	1.5545841	0.49057293	2.8244498	0.08812524	19.296984	12.083174	73.89535	-6.2706466	3.7252903e-09	-0.012455698	5.2154064e-08	-0.016059414	0.14831789	-0.06819837	232.98877	-111.94263	0	0	1.629015	0.0	1.4140732	0.009374587	930000	2102.912827014923
31	14.962013	3.473102	20.446188	5.014917	173.625	104.97135	472.0	28.0	1000.0	163496.0	0.17030833333333334	1.6007477	0.46608007	2.8325467	0.20674859	20.463459	11.94953	78.31305	-5.485667	9.313226e-09	-0.012039777	2.9802322e-08	-0.0028905105	0.16116202	-0.072612554	239.19429	-127.11025	0	0	1.6311435	0.0	1.4046586	0.0094571635	960000	2170.7440304756165
32	16.010382	2.545711	21.59219	10.273891	196.33333	72.89185	359.0	43.0	1000.0	169510.0	0.17122222222222222	1.5666772	0.50650364	2.5642297	-0.12754954	19.272087	12.057702	81.17616	-3.7513304	-9.313226e-09	-0.013098021	7.4505806e-08	-0.011191079	0.15479231	-0.0660851	204.55328	-111.10011	0	0	1.5045123	0.0	1.3767732	0.009672009	990000	2238.8136162757874
33	15.426132	2.9094567	19.523876	5.826579	173.66667	87.769905	402.0	8.0	1000.0	174647.0	0.17122254901960784	1.5858064	0.5107042	2.6718836	0.031391643	19.75357	11.716818	77.51214	-4.4965014	5.122274e-09	-0.01245467	-4.4703484e-08	-0.00055878377	0.16665384	-0.065055266	186.91199	-86.92331	0	0	1.6088772	0.0	1.3625852	0.0097396495	1020000	2306.7104766368866
34	15.715829	2.3331559	18.892265	8.189734	182.45833	87.44521	471.0	17.0	1000.0	180131.0	0.17155333333333334	1.5770276	0.5301105	2.7627645	-0.15321772	17.809706	11.059935	68.08454	-5.1091523	9.778887e-09	-0.01228849	2.9802322e-08	0.0044706278	0.14867888	-0.0679909	213.20816	-110.42503	0	0	1.6415793	0.0	1.3589318	0.009441752	1050000	2374.961321592331
35	15.453004	2.5073848	20.109	9.568693	190.41667	76.01202	338.0	36.0	1000.0	185747.0	0.17198796296296295	1.6581576	0.48146823	2.6832826	0.19181637	19.1125	12.378523	76.39223	-4.332331	2.0489097e-08	-0.012893822	-7.450581e-09	0.0011795368	0.14099553	-0.06062237	199.85252	-96.85609	0	0	1.5184691	0.0	1.365093	0.009559751	1080000	2442.826279401779
36	16.380356	2.9438715	21.94673	9.372999	180.875	101.447975	443.0	38.0	1000.0	191071.0	0.17213603603603603	1.6700615	0.52033985	2.8057494	-0.20782754	18.673521	12.119523	76.12568	-8.452803	4.656613e-09	-0.0123361545	1.4901161e-08	-0.00878066	0.13451344	-0.055017643	206.70317	-111.60133	0	0	1.5875521	0.0	1.3468283	0.009694717	1110000	2510.667920589447
37	16.232094	2.0456839	19.415434	12.475462	173.625	85.74663	429.0	0.0	1000.0	196271.0	0.17216754385964914	1.655092	0.5076073	2.716035	0.007218512	18.54942	11.96297	73.18547	-4.4343314	-4.656613e-09	-0.012042076	7.4505806e-08	0.0013627498	0.12844247	-0.056481615	185.28348	-104.88674	0	0	1.620668	0.0	1.322211	0.00979276	1140000	2578.5144934654236
38	17.947372	2.5429673	23.607931	12.301679	178.58333	89.9481	324.0	0.0	1000.0	201765.0	0.17244871794871794	1.7616645	0.4549295	2.8999696	0.32366353	18.162262	11.819858	64.0331	-10.08497	5.5879354e-09	-0.01226086	-7.450581e-09	0.008304536	0.133425	-0.055562478	200.65784	-111.368065	0	0	1.6292821	0.0	1.2953402	0.009604024	1170000	2646.8553915023804
39	15.12218	5.5683746	23.538727	1.3265672	246.45833	118.91488	445.0	43.0	1000.0	208969.0	0.17414083333333333	1.7157371	0.5042523	3.1281636	0.2854565	20.06445	12.575145	82.69086	-7.895357	-1.8626451e-08	-0.012136024	-9.685755e-08	-0.007587035	0.2331092	-0.11950487	304.49258	-171.99399	0	0	1.6170177	0.0	1.2903574	0.009643279	1200000	2715.35951423645
40	16.064175	2.8302617	21.110115	9.927037	169.58333	96.856384	424.0	50.0	1000.0	214447.0	0.17434715447154472	1.6770113	0.54924005	2.782214	0.021432932	22.670944	12.980508	86.8583	-4.281775	-3.4924597e-09	-0.011812269	-8.195639e-08	-0.0047664037	0.13716604	-0.0625823	245.9075	-140.72049	0	0	1.6863666	0.0	1.2764198	0.009723294	1230000	2783.798268556595
41	16.814428	3.029426	22.10908	8.597991	161.5	66.45425	289.0	29.0	1000.0	219069.0	0.17386428571428572	1.6871682	0.51722765	2.7470694	-0.07280114	19.229586	11.256087	80.09201	-5.9518213	-5.5879354e-09	-0.011928145	-9.685755e-08	0.0087026805	0.13220136	-0.057058837	163.56207	-91.68118	0	0	1.6562266	0.0	1.2645662	0.009845963	1260000	2851.766052722931
42	17.379824	2.71464	22.50778	11.198673	189.5	120.407295	453.0	0.0	1000.0	224900.0	0.17434108527131784	1.7460566	0.4781176	3.0462692	0.13519526	17.28474	11.337123	71.05829	-9.059404	-7.450581e-09	-0.0119781755	-1.4901161e-08	0.013311505	0.13113508	-0.056841835	200.34724	-111.80531	0	0	1.6332214	0.0	1.2515919	0.009638402	1290000	2919.761223077774
43	16.371923	4.8833814	23.797695	0.10217182	197.33333	85.57096	372.0	39.0	1000.0	231094.0	0.17507121212121213	1.7400542	0.5159621	2.8549192	0.047306854	21.345469	13.580188	83.91603	-7.474578	1.5832484e-08	-0.011757913	-7.0780516e-08	0.008121008	0.16948721	-0.08525724	204.48682	-109.64429	0	0	1.6578337	0.0	1.2382361	0.009426404	1320000	2987.9145171642303
44	17.828445	2.9569962	22.5524	7.303544	167.79167	97.00987	319.0	0.0	1000.0	236352.0	0.17507555555555557	1.7298183	0.5724722	2.9628873	-0.45138592	19.55851	11.892244	75.78302	-8.343556	1.8626451e-09	-0.011874488	8.940697e-08	-0.0018607369	0.15383469	-0.07171662	207.588	-114.95331	0	0	1.6751502	0.0	1.2105764	0.009626947	1350000	3056.3461525440216
45	17.733557	2.2006092	23.627745	13.318788	151.79167	69.03319	312.0	47.0	1000.0	241073.0	0.17469057971014493	1.7841492	0.47637203	3.0622795	-0.2062403	17.859177	11.9793215	77.46449	-13.11348	-1.8626451e-09	-0.012620853	1.4901161e-08	-0.014122095	0.13715595	-0.0670048	167.19904	-98.19397	0	0	1.5895966	0.0	1.2045681	0.00952708	1380000	3124.3659760951996
46	17.688477	2.8973284	22.73463	10.713332	172.45833	87.6066	445.0	42.0	1000.0	246608.0	0.17489929078014185	1.8124834	0.47722104	2.7521672	0.28120348	17.64168	11.937571	72.38056	-7.7935863	-9.313226e-09	-0.013390351	8.940697e-08	-0.0071910275	0.124282084	-0.061920986	221.66522	-130.02385	0	0	1.4933116	0.0	1.1815543	0.009479451	1410000	3192.3627004623413
47	18.432524	2.2804759	22.464933	12.792296	177.70833	93.52873	486.0	26.0	1000.0	251899.0	0.1749298611111111	1.833103	0.47603598	2.8556576	0.0036827354	18.243355	12.392194	75.34954	-5.571312	-1.1175871e-08	-0.011591241	5.9604645e-08	0.013992764	0.11189671	-0.049753226	212.98456	-130.26303	0	0	1.6906503	0.0	1.1671691	0.009701271	1440000	3260.6003818511963
48	17.028597	3.8151135	22.72955	2.8955553	187.625	116.44807	482.0	16.0	1000.0	257507.0	0.17517482993197278	1.826652	0.49742633	2.8297243	0.0983447	19.12558	12.969811	76.55881	-8.184066	6.519258e-09	-0.011276125	-2.9802322e-08	0.0012830794	0.13156246	-0.06699844	197.84479	-121.152695	0	0	1.7705809	0.0	1.1527281	0.009669474	1470000	3329.336940765381
49	18.165953	3.163484	23.531435	7.8820486	189.75	101.01372	368.0	0.0	1000.0	263004.0	0.175336	1.8167255	0.48346666	2.8484874	0.025066014	18.414938	14.060731	81.979904	-20.383904	7.450581e-09	-0.011516936	-5.9604645e-08	-0.0076323543	0.12356098	-0.062467013	199.07109	-116.12094	0	0	1.7334471	0.0	1.1444986	0.009710921	1500000	3397.4184803962708
50	18.275682	3.8503067	22.768583	3.998085	171.25	109.85493	471.0	14.0	1000.0	268032.0	0.1751843137254902	1.8775896	0.5212196	2.9572172	-0.27520204	19.61519	13.157174	75.09819	-8.678163	-7.450581e-09	-0.012388812	-1.4901161e-08	-0.012518385	0.15330929	-0.07813561	212.77577	-122.986084	0	0	1.5858861	0.0	1.1317862	0.009665073	1530000	3466.101958990097
51	18.205145	3.7022302	23.215553	4.7552624	182.83333	97.909256	435.0	13.0	1000.0	273711.0	0.17545576923076922	1.8836062	0.5270671	3.2073348	-0.551009	18.082338	13.543087	85.1887	-12.783842	3.7252903e-09	-0.011937136	-9.685755e-08	0.0014297403	0.17866838	-0.09575887	210.5441	-123.34172	0	0	1.6825324	0.0	1.1148248	0.009942291	1560000	3534.3117876052856
52	17.631796	2.874572	21.351263	8.969473	196.29167	88.410255	461.0	49.0	1000.0	279898.0	0.1760364779874214	1.8010429	0.56225044	3.1281385	-0.21914984	18.992159	11.698847	73.99569	-9.615732	2.142042e-08	-0.011990311	-3.7252903e-08	0.0072304513	0.16198537	-0.09721958	238.57664	-143.81763	0	0	1.6588223	0.0	1.1085362	0.009803502	1590000	3602.5707218647003
53	18.240852	2.5952134	25.512522	13.86666	193.875	99.35178	471.0	50.0	1000.0	286126.0	0.176620987654321	1.8044329	0.5187696	2.8207934	0.14110374	22.266241	13.454199	83.4907	-5.1064024	-3.7252903e-09	-0.012606596	4.4703484e-08	0.009069148	0.13136794	-0.07237947	224.2329	-137.59747	0	0	1.6195698	0.0	1.1046839	0.009837842	1620000	3671.2744946479797
54	18.12803	2.2746484	21.287718	12.007588	147.58333	86.3148	330.0	14.0	1000.0	291039.0	0.17638727272727273	1.8554982	0.5033168	2.839948	-0.032113656	19.538788	12.532971	78.57694	-5.4183226	-2.3283064e-09	-0.011965948	2.9802322e-08	0.004607144	0.115033165	-0.06194724	187.60458	-115.02959	0	0	1.6680002	0.0	1.1094098	0.009630994	1650000	3739.3867728710175
55	19.454653	1.8793964	25.984564	17.22909	221.16667	102.349754	431.0	0.0	1000.0	297419.0	0.17703511904761904	1.9046172	0.4475462	3.0517845	0.30846277	19.79771	14.005719	87.204926	-8.96539	1.8626451e-09	-0.012048645	0.0	0.0004527392	0.11723961	-0.06640962	192.76575	-116.42881	0	0	1.6811332	0.0	1.1083913	0.009713944	1680000	3807.4669272899628
56	19.515982	2.6272597	24.037613	13.968784	168.45833	95.039894	377.0	44.0	1000.0	302756.0	0.17705029239766082	1.9416764	0.4371799	2.9611473	0.43102038	18.810413	13.292105	81.20938	-7.2110453	6.519258e-09	-0.012139356	-7.4505806e-08	0.009644783	0.1371716	-0.07004596	191.14986	-116.03639	0	0	1.6306885	0.0	1.1119697	0.009734206	1710000	3875.6492891311646
57	17.067192	4.1365924	24.142168	9.056463	198.5	112.682076	476.0	0.0	1000.0	308709.0	0.17741896551724137	1.8918948	0.52097887	3.053721	0.2968477	18.49273	12.842404	90.56856	-4.455181	5.5879354e-09	-0.011269589	1.4901161e-07	-0.0064935335	0.16529584	-0.0886293	245.5011	-149.4885	0	0	1.7703118	0.0	1.1085792	0.009737713	1740000	3943.757025718689
58	17.95208	3.2583072	24.577494	11.536299	234.91667	114.598175	512.0	7.0	1000.0	315122.0	0.17803502824858758	1.8317721	0.56671643	3.0458946	0.009061372	22.55432	14.737383	95.62242	-5.5898094	7.450581e-09	-0.011754388	-1.2665987e-07	0.011246449	0.17578302	-0.09865674	234.60269	-146.05435	0	0	1.697874	0.0	1.1067972	0.009684175	1770000	4012.2665350437164
59	18.345642	2.7415614	21.841022	9.300926	222.41667	85.72675	400.0	91.0	1000.0	321752.0	0.1787511111111111	1.852443	0.5123892	2.9219773	-0.030636098	21.810884	13.202268	87.69277	-5.9792686	0.0	-0.0107511785	-7.4505806e-08	0.0096667465	0.14140356	-0.072778	221.91663	-137.50244	0	0	1.8426102	0.0	1.092361	0.009592935	1800000	4080.4474923610687
60	18.45149	2.4476073	24.455803	12.481089	210.16667	128.7024	500.0	0.0	1000.0	327951.0	0.17920819672131147	1.8541679	0.4962032	3.0402822	0.2673919	21.379284	11.376726	79.79732	-7.3944488	-9.313226e-09	-0.011739023	0.0	0.0046851393	0.13435797	-0.07103764	245.84721	-158.23636	0	0	1.7534245	0.0	1.0864313	0.00981809	1830000	4149.652890205383
61	18.600172	2.4929326	23.448732	13.815226	201.45833	101.11297	456.0	48.0	1000.0	333710.0	0.17941397849462365	1.8667235	0.47964412	2.9357145	0.28991643	22.228392	14.566354	82.23434	-9.263992	1.3038516e-08	-0.011612708	-5.9604645e-08	-0.004651971	0.12834316	-0.070348166	239.83055	-150.9796	0	0	1.7091461	0.0	1.0901384	0.009867664	1860000	4220.316998004913
62	18.867939	2.6588001	24.577686	13.667258	173.20833	112.83468	483.0	25.0	1000.0	339159.0	0.17944920634920636	1.8414383	0.49086806	3.019335	0.31901088	20.652292	12.480536	76.49047	-5.0244503	3.7252903e-09	-0.011673139	-7.4505806e-08	-0.012655091	0.15856506	-0.094132945	229.60196	-146.22388	0	0	1.730398	0.0	1.0833389	0.009787384	1890000	4289.270094156265
63	17.047533	4.232949	24.641285	3.0683818	196.125	82.26295	386.0	68.0	1000.0	345063.0	0.1797203125	1.8077277	0.5574556	3.0162177	-0.25554016	19.4541	13.247243	82.880745	-8.220201	1.1175871e-08	-0.012438233	0.0	-0.0066482667	0.14959903	-0.084601596	207.12863	-114.92313	0	0	1.6166077	0.0	1.0749505	0.009823137	1920000	4357.677030801773
64	17.26671	3.758286	22.856958	2.8535275	192.375	81.38786	327.0	0.0	1000.0	350896.0	0.17994666666666667	1.7592208	0.55316293	2.9813857	-0.0221783	20.776463	12.279838	89.15525	-4.4556904	-8.381903e-09	-0.012328032	-4.0978193e-08	-0.0029798266	0.15852113	-0.092810735	187.20206	-117.5534	0	0	1.6634679	0.0	1.0619583	0.009879101	1950000	4426.017335891724
65	18.719187	2.281193	21.1282	11.332463	199.375	93.93074	423.0	51.0	1000.0	356804.0	0.1802040404040404	1.9199162	0.46795937	3.092919	0.0032291915	20.258148	12.936037	79.58594	-6.8864713	0.0	-0.011551662	-2.2351742e-08	-4.1620107e-05	0.120220415	-0.065423355	189.81271	-114.155136	0	0	1.6799189	0.0	1.0593233	0.009609625	1980000	4494.319233417511
66	17.661953	3.2577193	23.324005	9.878867	236.58333	85.76903	462.0	58.0	1000.0	363784.0	0.1809870646766169	1.8841466	0.5231505	3.083145	-0.14092135	21.321917	13.555056	84.42847	-10.215865	1.6763806e-08	-0.011687851	2.9802322e-08	0.002203701	0.15465787	-0.09309294	245.6383	-153.28378	0	0	1.7022871	0.0	1.0529125	0.009753214	2010000	4562.7047917842865
67	17.935755	4.181604	22.724602	2.112585	183.25	99.31484	421.0	31.0	1000.0	369346.0	0.18105196078431374	1.8307955	0.51886404	2.9996357	0.0027977396	22.400764	13.477975	83.880936	-5.891384	1.2572855e-08	-0.0118962005	2.2351742e-08	-0.001745651	0.14132342	-0.083727226	201.05176	-126.02296	0	0	1.7368896	0.0	1.0426219	0.009953973	2040000	4631.2708921432495
68	18.346277	2.435115	23.970856	11.452246	211.54167	121.44854	428.0	18.0	1000.0	375448.0	0.181375845410628	1.887926	0.48738247	3.1252306	-0.15678512	20.767834	12.585153	80.48475	-8.442583	-1.4901161e-08	-0.010873694	8.940697e-08	0.002964951	0.14137882	-0.08828361	243.72635	-143.89072	0	0	1.8101416	0.0	1.0423504	0.00975227	2070000	4699.964898824692
69	18.55341	2.3305578	22.879045	12.388678	186.83333	87.78889	350.0	31.0	1000.0	381294.0	0.18156857142857144	1.8854735	0.49599487	3.2189846	-0.09146108	20.37954	13.471725	82.5701	-10.996666	5.5879354e-09	-0.011476399	4.4703484e-08	-0.015242254	0.13566624	-0.07769047	203.0018	-130.04834	0	0	1.7281067	0.0	1.0286233	0.009898771	2100000	4768.713093996048
70	18.890036	2.1234465	22.258152	14.622604	192.66667	94.56377	426.0	0.0	1000.0	386702.0	0.18155023474178403	1.9350284	0.4860234	3.2698517	0.06641771	19.768682	12.613584	80.351105	-7.796102	0.0	-0.010806323	-8.940697e-08	0.008392921	0.11219509	-0.056055658	171.64496	-105.30668	0	0	1.8423208	0.0	1.027504	0.009941657	2130000	4837.798047780991
71	18.358515	3.2962537	22.007019	6.78117	204.04167	87.627754	444.0	76.0	1000.0	392913.0	0.18190416666666667	1.8855252	0.49865124	3.0380232	0.15937139	19.984726	12.2594	81.28543	-7.4747806	1.3969839e-08	-0.0115108285	-6.7055225e-08	-0.004563881	0.12945467	-0.07798143	244.65341	-148.63486	0	0	1.7771395	0.0	1.0301472	0.009769927	2160000	4906.308247566223
72	19.076136	3.606597	25.738417	9.883799	192.625	92.469734	428.0	29.0	1000.0	398151.0	0.18180410958904109	1.9166498	0.5266612	3.2567842	-0.082589574	21.019077	13.568686	89.79831	-8.874315	5.5879354e-09	-0.012152841	1.4901161e-07	0.008990871	0.14328557	-0.08502647	174.98373	-111.916916	0	0	1.6460065	0.0	1.0178032	0.009731033	2190000	4974.711004972458
73	19.54032	1.9646646	22.91129	15.066673	186.58333	103.898155	467.0	0.0	1000.0	404040.0	0.182	1.961242	0.5029728	3.0979676	-0.26059476	17.185225	11.373683	87.9801	-7.8521547	4.656613e-09	-0.011927146	-6.7055225e-08	-5.2190386e-05	0.13499218	-0.09045549	205.45187	-124.39834	0	0	1.6725733	0.0	1.0055652	0.009795936	2220000	5043.319438695908
74	19.47048	2.7236285	24.906853	13.291115	183.04167	80.04607	327.0	9.0	1000.0	409587.0	0.18203866666666665	1.9511529	0.5236824	3.1552548	-0.020754436	20.415524	13.038609	82.87384	-9.726714	-3.7252903e-09	-0.012674006	2.9802322e-08	-0.008854069	0.13774937	-0.08954818	225.53796	-135.66626	0	0	1.6180699	0.0	0.9939286	0.009730823	2250000	5111.933566331863
75	18.68157	3.8344378	26.15652	6.891309	182.08333	90.632	423.0	57.0	1000.0	414845.0	0.18194956140350876	1.9422716	0.50192076	3.3131945	-0.066102184	17.397379	12.308111	83.520355	-19.73208	-1.8626451e-09	-0.010356782	-5.9604645e-08	-0.0014492096	0.16158053	-0.09661325	168.35446	-101.25276	0	0	1.8835155	0.0	0.9965174	0.009803497	2280000	5180.446371078491
76	18.090715	2.677469	22.192444	11.448977	224.125	94.72826	424.0	66.0	1000.0	420966.0	0.18223636363636364	1.915785	0.52881557	3.0899854	-0.027653592	19.730167	12.332749	80.68044	-5.120201	-3.7252903e-09	-0.012107462	5.9604645e-08	-0.016059726	0.14209184	-0.08805457	215.95825	-126.919586	0	0	1.6339628	0.0	0.99560523	0.009749544	2310000	5249.261417150497
77	18.95442	2.5679011	22.391985	9.15874	148.20833	95.46028	456.0	0.0	1000.0	425972.0	0.18203931623931624	1.9048805	0.54350877	3.1238627	-0.15472546	19.244442	11.537664	77.707924	-4.7966685	2.3283064e-09	-0.011880049	-4.4703484e-08	0.0037683453	0.14504313	-0.085135184	177.1904	-104.99542	0	0	1.7018025	0.0	0.9857077	0.009762934	2340000	5317.606345176697
78	18.988607	2.829605	24.127474	11.230759	159.29167	86.97963	382.0	16.0	1000.0	430608.0	0.18169113924050634	1.9543375	0.51027614	3.1575654	-0.23468018	17.230618	12.203933	82.314804	-9.636641	-1.4901161e-08	-0.010869707	-7.450581e-09	-0.0022436483	0.15066719	-0.08592616	158.03989	-98.78415	0	0	1.8354862	0.0	0.9903046	0.009833006	2370000	5385.894784927368
79	18.22267	2.333694	22.436684	13.090222	150.0	75.294975	304.0	25.0	1000.0	434777.0	0.18115708333333333	1.9253987	0.51102	3.4607759	0.07875683	15.941074	11.707474	68.44254	-14.035074	2.7939677e-09	-0.010530417	0.0	-0.002145229	0.10891394	-0.06633524	143.71198	-85.49816	0	0	1.8589268	0.0	0.98702514	0.009811463	2400000	5454.148960590363
80	19.189566	2.4052927	24.291327	13.546539	214.375	104.20925	440.0	81.0	1000.0	440992.0	0.1814781893004115	1.8994151	0.49329248	3.1465392	0.22640865	17.38925	12.422202	77.95243	-10.162413	-7.450581e-09	-0.012371877	-2.2351742e-08	0.0015954077	0.14143124	-0.09142089	203.74594	-128.33456	0	0	1.595973	0.0	0.9915986	0.009732405	2430000	5523.196930885315
81	18.193308	3.5333862	23.725567	11.464081	189.95833	96.03883	396.0	50.0	1000.0	446523.0	0.18151341463414633	1.9222964	0.49930945	3.0200965	0.14416501	20.030037	11.856659	86.438736	-8.616677	-9.778887e-09	-0.0106971515	1.4901161e-08	-0.0038471827	0.19121549	-0.11298905	190.31343	-115.75839	0	0	1.8895797	0.0	0.9811252	0.009813739	2460000	5591.872414827347
82	18.929852	4.2213006	23.690397	1.5748568	169.66667	131.25378	648.0	0.0	1000.0	451420.0	0.18129317269076306	1.9202597	0.5411328	3.3666055	-0.0066922195	18.927643	13.180809	88.383156	-8.254315	1.3038516e-08	-0.011310008	5.9604645e-08	-0.007570588	0.1767807	-0.10524295	217.11868	-148.58624	0	0	1.791029	0.0	0.9778407	0.009626182	2490000	5660.305503845215
83	19.206976	2.7098415	25.670431	14.734171	161.5	79.07486	319.0	0.0	1000.0	456521.0	0.18115912698412698	1.9210958	0.5577163	3.4578888	-0.46278936	16.213312	13.287837	81.14977	-15.332458	-1.1175871e-08	-0.010828349	2.2351742e-08	-0.0073790234	0.17227569	-0.10804783	181.07066	-116.355675	0	0	1.8544153	0.0	0.97280836	0.009823773	2520000	5728.893450975418
84	18.19208	4.0568233	25.837282	10.146994	171.45833	95.25054	375.0	12.0	1000.0	461683.0	0.1810521568627451	1.9258771	0.58126956	3.2227955	-0.22217338	18.396908	12.297345	85.46263	-7.5108857	-1.8626451e-09	-0.012063749	-4.4703484e-08	-0.003645625	0.183649	-0.109997705	213.29218	-131.22816	0	0	1.623593	0.0	0.96744955	0.009782803	2550000	5797.361970663071
85	19.6959	2.1488729	25.151007	16.395662	166.83333	88.60995	413.0	60.0	1000.0	466778.0	0.18092170542635658	1.9563019	0.5245814	3.1421442	-0.30118582	17.182222	11.97304	72.21152	-11.026072	2.7939677e-09	-0.012155064	4.4703484e-08	0.0009030441	0.12693536	-0.080517605	186.28513	-114.25638	0	0	1.6855454	0.0	0.96132904	0.009876508	2580000	5865.533013343811
86	19.24803	3.285767	24.258738	8.711921	171.04167	103.06611	415.0	13.0	1000.0	471992.0	0.180839846743295	1.9634117	0.5030895	3.0727272	0.08548243	18.048416	12.136149	81.477585	-10.336469	9.313226e-09	-0.012006028	1.6391277e-07	-0.00088549405	0.16244656	-0.10820213	190.69391	-117.197845	0	0	1.6894809	0.0	0.9635526	0.009785409	2610000	5934.013858318329
87	19.912285	2.3786438	23.4317	14.903585	164.625	101.39765	365.0	2.0	1000.0	476872.0	0.18063333333333334	2.022203	0.501441	3.249075	0.042158276	15.973105	11.956288	83.10112	-6.9796658	1.6763806e-08	-0.011474423	-1.6391277e-07	0.0046407785	0.13801295	-0.08936032	162.0121	-102.0671	0	0	1.7545191	0.0	0.9608863	0.009873169	2640000	6002.6414449214935
88	18.782045	2.8469198	23.122505	10.19803	168.625	88.35337	392.0	23.0	1000.0	482117.0	0.1805681647940075	1.9288276	0.5252758	3.583114	0.1255666	17.760424	12.691624	74.92958	-13.696275	1.1175871e-08	-0.011679336	4.4703484e-08	0.0030913055	0.1509565	-0.09547339	190.6756	-116.162834	0	0	1.7572998	0.0	0.9497145	0.009833094	2670000	6070.954483985901
89	19.129808	2.676872	22.299685	11.39713	202.95833	90.04604	380.0	33.0	1000.0	487983.0	0.18073444444444445	1.9817966	0.48903146	3.3858938	0.0075019654	18.074612	12.0766535	75.870186	-14.129782	-5.5879354e-09	-0.011622028	2.9802322e-08	0.0020033866	0.15470517	-0.09461397	234.5491	-153.82578	0	0	1.7003849	0.0	0.95261025	0.009852447	2700000	6139.497513771057
90	19.775923	3.2461104	24.303595	11.001833	189.16667	103.016045	409.0	65.0	1000.0	493682.0	0.18083589743589742	1.9778581	0.5178004	3.14675	-0.1127214	19.372412	12.217011	82.32086	-6.81838	1.6763806e-08	-0.011071803	7.4505806e-08	0.019667283	0.16001618	-0.100527205	205.99301	-134.83975	0	0	1.813185	0.0	0.9558716	0.00983753	2730000	6209.091468811035
91	19.38449	2.237788	23.288898	14.084729	193.83333	98.89964	356.0	9.0	1000.0	499446.0	0.1809586956521739	1.994949	0.54461694	3.3179908	-0.44619668	19.345695	12.793096	82.20803	-11.375491	8.381903e-09	-0.011962254	6.7055225e-08	-0.00566389	0.14907186	-0.09209256	202.9378	-129.06721	0	0	1.6677979	0.0	0.9591465	0.009845184	2760000	6277.506600856781
92	19.08673	2.2514708	23.818785	14.166999	153.95833	71.823555	326.0	56.0	1000.0	503954.0	0.18062867383512546	1.9013994	0.50610715	3.548767	-0.061114557	18.462212	12.678728	78.987564	-7.252549	1.071021e-08	-0.011727696	-1.4901161e-08	-0.003329048	0.14738438	-0.1023501	174.6934	-114.88399	0	0	1.7064316	0.0	0.95190275	0.009891519	2790000	6345.930342197418
93	18.169106	3.663849	24.697706	9.292921	184.25	95.050095	361.0	27.0	1000.0	509785.0	0.18077482269503545	1.9505359	0.5380969	3.0717113	-0.19342709	17.402454	13.565539	88.17259	-15.880282	-3.7252903e-09	-0.010980798	-1.1920929e-07	-0.0049163336	0.19861118	-0.13160056	232.37819	-147.29578	0	0	1.7737523	0.0	0.9492037	0.009846369	2820000	6414.6094670295715
94	19.32712	2.6031392	22.68758	11.46396	198.625	111.51301	445.0	19.0	1000.0	515468.0	0.1808659649122807	1.9603914	0.51325285	3.1774962	-0.1802654	20.716482	14.86993	86.033	-7.9217854	-9.313226e-10	-0.011627366	5.9604645e-08	0.0032642093	0.18915997	-0.13621078	192.94934	-120.93863	0	0	1.7274886	0.0	0.94592756	0.009836563	2850000	6483.156170129776
95	19.073917	3.735044	23.622454	6.138508	189.16667	91.88338	342.0	39.0	1000.0	521062.0	0.18092430555555555	1.9740676	0.52596563	3.1652653	-0.04258403	20.689959	14.133628	90.84859	-10.991626	-1.1175871e-08	-0.010983318	8.940697e-08	-0.012565402	0.16602513	-0.11470596	200.70164	-128.70117	0	0	1.8465767	0.0	0.93013984	0.009787709	2880000	6551.622200250626
96	19.625902	2.7766204	25.278513	14.258599	133.25	96.55924	322.0	0.0	1000.0	525768.0	0.18067628865979382	1.9245265	0.5206435	3.3521948	-0.53209454	18.47615	13.284557	90.697395	-11.567158	0.0	-0.010920264	-7.450581e-09	0.004347901	0.15040302	-0.10451313	210.61478	-139.80898	0	0	1.8021605	0.0	0.91818976	0.009808242	2910000	6619.951212644577
97	19.064463	2.7626019	24.54305	13.1467085	178.58333	90.995384	354.0	0.0	1000.0	530974.0	0.18060340136054423	1.9788386	0.50456494	3.1826594	-0.20404607	16.230303	11.934781	78.778656	-9.651922	3.7252903e-09	-0.011439834	5.2154064e-08	0.0055581555	0.13446645	-0.089061715	183.6463	-114.11691	0	0	1.752224	0.0	0.91177326	0.009918264	2940000	6688.231049776077
98	19.859503	1.8925133	23.098526	14.433485	196.20833	98.3264	398.0	33.0	1000.0	537020.0	0.18081481481481482	2.0014904	0.48757008	3.1856163	-0.039927687	18.406404	13.682668	98.07461	-6.5315504	-1.8626451e-09	-0.012744382	-5.5879354e-09	-0.0035903263	0.118490286	-0.074460246	217.30582	-133.81166	0	0	1.5341148	0.0	0.90565836	0.00972438	2970000	6756.646447181702
99	19.032558	3.510127	23.879486	8.261254	161.375	86.75771	308.0	22.0	1000.0	541890.0	0.18063	2.0454605	0.4978594	3.467497	0.3728096	19.930862	12.457803	75.6957	-8.2542095	2.7939677e-09	-0.011771932	0.0	-0.002133845	0.19031961	-0.13641903	177.5641	-115.256195	0	0	1.663222	0.0	0.9025476	0.009583967	3000000	6825.151112794876
100	20.081045	2.2857907	25.202982	16.168056	168.20833	75.47571	364.0	53.0	1000.0	547158.0	0.180580198019802	1.9722247	0.48878545	3.2306619	0.12795973	16.529022	12.000649	76.491776	-9.94203	-7.450581e-09	-0.011174186	1.8626451e-09	-0.00676692	0.12286788	-0.0746465	176.83746	-110.00432	0	0	1.8385966	0.0	0.89299715	0.009856204	3030000	6894.238247394562
101	19.556559	2.8895853	23.8709	8.865051	175.20833	94.050514	456.0	34.0	1000.0	552610.0	0.18059150326797385	1.9989972	0.5262596	3.190417	-0.19297864	18.098866	12.569824	83.59947	-10.72286	-6.519258e-09	-0.012203009	5.9604645e-08	-0.0023977868	0.13072434	-0.08030967	174.61769	-111.10919	0	0	1.6577679	0.0	0.889471	0.0096737575	3060000	6962.424746274948
102	19.07071	2.4668403	24.036678	13.554811	164.70833	88.93044	424.0	0.0	1000.0	557463.0	0.18040873786407766	1.9615109	0.53134924	3.3087878	-0.34899598	17.600113	12.679459	88.91902	-10.780844	2.7939677e-09	-0.011818483	5.9604645e-08	-0.0070295604	0.16312808	-0.10900551	191.62022	-123.77871	0	0	1.6500672	0.0	0.89178896	0.0098357815	3090000	7030.8828184604645
103	20.514555	3.146648	27.794874	13.423113	204.875	79.42623	364.0	58.0	1000.0	563192.0	0.18051025641025642	2.0218184	0.51752514	3.2361403	-0.0065644607	18.363989	12.864937	79.99474	-4.862087	3.7252903e-09	-0.011825799	4.0978193e-08	0.0036351825	0.14667913	-0.08892554	188.45186	-118.62364	0	0	1.6781818	0.0	0.8859211	0.009722007	3120000	7099.193825721741
104	18.315126	2.7030442	21.677149	8.503637	220.95833	95.77468	523.0	57.0	1000.0	569512.0	0.18079746031746033	1.9637071	0.58879	3.11974	-0.15449187	20.767778	14.661054	92.06776	-12.397028	1.8626451e-08	-0.011310728	0.0	0.0027681408	0.13114204	-0.092845574	225.59732	-148.79343	0	0	1.7651827	0.0	0.87691593	0.009865116	3150000	7167.448165655136
105	19.339365	4.065879	27.278027	6.30582	232.04167	121.189064	555.0	55.0	1000.0	575985.0	0.18112735849056605	1.9624175	0.5436799	3.0250885	-0.38811177	20.76668	13.525397	92.4006	-8.05936	-3.7252903e-09	-0.011543502	-1.1920929e-07	-0.024302982	0.14421818	-0.09963828	260.26382	-165.29391	0	0	1.737323	0.0	0.87086165	0.009828067	3180000	7235.710219144821
106	18.890234	2.1306114	22.92099	14.93837	200.45833	88.943794	369.0	57.0	1000.0	581783.0	0.18124080996884734	1.9452555	0.5633079	3.1501093	-0.06965944	21.480686	13.820985	80.698906	-6.249532	0.0	-0.010641679	2.9802322e-08	-0.011346322	0.18276052	-0.12574038	216.11667	-141.79195	0	0	1.8124866	0.0	0.8679759	0.009799428	3210000	7303.967695474625
107	20.267359	2.5021055	23.227493	12.731299	184.33333	101.10294	419.0	33.0	1000.0	587205.0	0.1812361111111111	2.009933	0.54396665	3.2784944	-0.52824587	19.744925	13.244591	77.99574	-4.7901316	-3.7252903e-09	-0.011929156	-1.4901161e-08	0.002940874	0.1489807	-0.09668438	174.38136	-110.11925	0	0	1.7609366	0.0	0.8599255	0.009970954	3240000	7372.077288150787
108	19.729113	2.182484	23.335466	15.183424	163.70833	114.94545	362.0	12.0	1000.0	592563.0	0.1812119266055046	2.0511615	0.47395784	3.1546195	0.20014292	18.75029	13.0787945	80.756805	-10.704593	2.7939677e-09	-0.012625143	-2.9802322e-08	0.0018265378	0.12294526	-0.07614197	215.08096	-139.78003	0	0	1.5897632	0.0	0.85663223	0.00977708	3270000	7440.275272607803
109	20.49079	2.7617395	24.91009	11.85523	192.125	99.7849	370.0	26.0	1000.0	598084.0	0.18123757575757576	2.0409243	0.49731827	3.2945232	0.028177567	18.546608	13.880592	80.2311	-10.072661	1.8626451e-09	-0.011002993	8.940697e-08	0.00857306	0.1330098	-0.08278607	173.68248	-116.93182	0	0	1.7771977	0.0	0.855281	0.009645194	3300000	7508.96813583374
110	19.435995	2.814409	24.560638	13.2026615	228.04167	107.168274	511.0	57.0	1000.0	604582.0	0.18155615615615617	2.0613003	0.5121021	3.1724882	-0.16868755	20.449177	13.378506	95.291756	-7.9887505	-1.7695129e-08	-0.0114918435	-1.4901161e-08	-0.0025955215	0.13821203	-0.091663204	221.4091	-151.27762	0	0	1.6947417	0.0	0.83898854	0.009823497	3330000	7578.0337743759155
111	18.991278	2.659555	23.684908	13.539179	206.83333	116.09072	491.0	9.0	1000.0	610420.0	0.18167261904761905	1.973385	0.54350895	3.3111887	-0.03584846	21.36905	13.694203	91.06431	-14.350108	7.450581e-09	-0.012115737	1.4901161e-08	-0.003804123	0.13871881	-0.10062957	223.97472	-146.0604	0	0	1.6734285	0.0	0.8332095	0.009778061	3360000	7646.174420595169
112	19.495907	2.3341167	23.6333	15.403584	163.5	97.93237	423.0	12.0	1000.0	615292.0	0.18150206489675516	1.9807667	0.48982513	3.033175	0.03725747	18.714388	13.333824	88.656715	-12.408406	8.381903e-09	-0.012296914	-4.4703484e-08	-0.0098252045	0.14709768	-0.1014954	192.8734	-132.17694	0	0	1.6522264	0.0	0.82297254	0.00983236	3390000	7714.3074905872345
113	18.353455	2.70399	23.099173	11.893013	165.375	76.421425	294.0	34.0	1000.0	619946.0	0.18127076023391814	1.9879018	0.5256139	3.4325595	0.35273388	16.002598	11.619809	74.60336	-20.156992	-1.4901161e-08	-0.012321817	5.2154064e-08	-0.012349861	0.15700665	-0.111583225	168.81863	-114.29484	0	0	1.6530282	0.0	0.8198557	0.009743908	3420000	7782.768337726593
114	18.484213	5.4942927	23.798075	1.7927359	206.91667	108.496124	532.0	12.0	1000.0	625979.0	0.1814431884057971	1.9124315	0.5464101	3.3793128	-0.037524417	17.525747	12.580147	78.148384	-11.647379	0.0	-0.011350359	8.940697e-08	-0.006963555	0.20217413	-0.15012568	197.08777	-134.53983	0	0	1.7523599	0.0	0.814653	0.009960289	3450000	7851.043216705322
115	19.20673	3.4218175	23.124872	9.341908	188.41667	96.79614	425.0	19.0	1000.0	631692.0	0.1815206896551724	1.9410131	0.5940732	3.315925	-0.37764022	20.298988	12.9440155	79.04163	-8.185424	1.1175871e-08	-0.011688546	3.7252903e-08	-0.00550879	0.16165602	-0.1124579	207.02255	-139.39313	0	0	1.7639852	0.0	0.80154127	0.009919128	3480000	7919.4634346961975
116	20.229515	4.175363	26.221004	6.1186104	219.75	93.00817	409.0	73.0	1000.0	637643.0	0.18166467236467237	2.0002837	0.5914123	3.2831645	-0.23417628	18.650282	14.44205	90.877266	-24.159857	-7.450581e-09	-0.010947479	-5.2154064e-08	-0.006320523	0.16827741	-0.1236182	217.23071	-141.84705	0	0	1.8449379	0.0	0.8026061	0.009840575	3510000	7987.683103561401
117	20.009905	1.8576106	23.382242	15.661871	173.91667	80.97835	341.0	13.0	1000.0	642711.0	0.18155677966101694	2.0794282	0.50281847	3.3809783	0.03675606	20.729748	13.451095	84.30358	-9.349648	-1.21071935e-08	-0.011660645	1.7881393e-07	0.012024001	0.122952014	-0.08102617	171.73996	-114.588806	0	0	1.7023846	0.0	0.80498177	0.009955298	3540000	8055.671744585037
118	19.918365	2.26919	25.32572	16.035671	151.41667	73.80714	322.0	8.0	1000.0	647379.0	0.18133865546218486	2.026153	0.46456563	2.9921138	0.011421774	17.612312	12.6056185	88.1571	-6.1610427	4.656613e-09	-0.011014034	-4.0978193e-08	0.008706973	0.097177476	-0.06484072	157.97046	-102.098946	0	0	1.8366233	0.0	0.80690634	0.009798959	3570000	8124.1273057460785
119	20.055246	2.7424448	24.728134	10.504647	209.375	86.973564	411.0	68.0	1000.0	653959.0	0.1816552777777778	2.046753	0.47672874	3.2416446	0.38265553	17.122513	12.107655	69.98258	-10.273985	-1.2572855e-08	-0.011172814	1.4901161e-08	0.01174194	0.14961465	-0.10483532	252.53888	-173.29207	0	0	1.7245206	0.0	0.8021187	0.009812274	3600000	8192.59071469307
120	19.806343	2.6356554	24.040533	14.678926	214.25	102.10952	383.0	58.0	1000.0	659843.0	0.1817749311294766	1.9934323	0.5240044	3.0122597	-0.5873749	20.726501	13.870841	92.59816	-6.280489	6.519258e-09	-0.01124789	2.9802322e-08	0.0048550274	0.15318836	-0.1079584	179.48517	-114.103035	0	0	1.778918	0.0	0.7880605	0.009767643	3630000	8261.850954294205
121	19.763605	2.7277427	24.72722	12.920741	199.25	116.588394	497.0	3.0	1000.0	665897.0	0.18193907103825135	2.0305927	0.49366677	3.254358	0.20991974	21.232279	14.19938	96.51146	-8.492112	9.313226e-10	-0.011353708	8.195639e-08	0.0014878307	0.10746176	-0.07032412	227.14879	-147.01602	0	0	1.7462705	0.0	0.78954107	0.009849681	3660000	8330.019721269608
122	18.712008	4.3951254	25.436655	4.801723	188.75	96.560104	411.0	48.0	1000.0	671606.0	0.1820070460704607	1.9364641	0.5294978	3.2242572	0.053288743	20.033907	13.432865	82.27281	-6.730333	7.450581e-09	-0.010985848	7.450581e-09	0.00062659755	0.16038871	-0.112171315	194.07431	-126.4204	0	0	1.7776872	0.0	0.78776115	0.009900889	3690000	8398.061557531357
123	18.866945	3.513281	22.52439	6.6555896	190.625	81.42523	377.0	64.0	1000.0	678086.0	0.18228118279569894	1.9493016	0.5610127	3.140267	-0.21831293	20.6803	13.386213	79.42875	-5.918218	-1.21071935e-08	-0.011488659	4.4703484e-08	-0.00020820694	0.16325867	-0.11525282	218.88132	-137.75862	0	0	1.7789683	0.0	0.7798233	0.009782929	3720000	8466.777827739716
124	19.721022	4.1918035	24.547129	7.6952343	184.79167	98.50168	455.0	24.0	1000.0	683176.0	0.18218026666666667	1.9912459	0.54593545	3.3634622	-0.030573277	21.257063	14.236724	87.26782	-11.346536	4.656613e-09	-0.012491797	-1.937151e-07	0.006119225	0.15843666	-0.12495894	195.8573	-130.01518	0	0	1.6347817	0.0	0.77533007	0.009876424	3750000	8534.873401641846
125	19.215498	2.565799	23.296547	13.771176	180.54167	99.6477	351.0	48.0	1000.0	688968.0	0.18226666666666666	2.0358837	0.5218695	3.3919291	-0.29659513	17.511192	12.28936	81.12465	-10.4606285	-2.0489097e-08	-0.011853263	-7.450581e-09	-0.0030937698	0.13656816	-0.096764036	222.01923	-148.37543	0	0	1.700303	0.0	0.7738423	0.009843195	3780000	8603.175357103348
126	19.674187	3.6478941	23.890379	7.8981414	171.375	87.77472	318.0	0.0	1000.0	694701.0	0.18233622047244094	1.9649065	0.58187926	3.1361814	-0.32628593	19.406054	13.504926	82.82513	-10.3545	1.3969839e-08	-0.013730297	8.940697e-08	0.001797365	0.16324377	-0.12247083	193.9379	-123.08298	0	0	1.5183195	0.0	0.769805	0.009905339	3810000	8671.505909204483
127	19.856092	3.0172708	23.781998	9.703946	145.79167	78.80724	347.0	39.0	1000.0	699268.0	0.18210104166666666	1.9950475	0.49513158	3.049983	-0.4389692	18.215328	12.372913	84.27242	-7.711854	2.0954758e-09	-0.012174359	7.8231096e-08	-0.0030456716	0.13200809	-0.09072456	156.58139	-103.005974	0	0	1.6393653	0.0	0.7709435	0.009837349	3840000	8739.834729909897
128	20.3433	2.0985298	25.383575	15.925147	162.58333	83.91609	341.0	0.0	1000.0	704490.0	0.18203875968992247	2.0523438	0.4882237	3.3906083	0.031167246	16.693794	12.280601	83.21594	-16.166674	9.313226e-09	-0.010995439	1.4901161e-08	-0.0014956212	0.12182056	-0.08488887	172.96014	-111.53944	0	0	1.8245147	0.0	0.7646928	0.009861815	3870000	8808.18186378479
129	20.337046	3.710395	25.172037	7.200265	176.08333	95.0837	339.0	14.0	1000.0	709993.0	0.18204948717948718	2.0358148	0.53467757	3.5322735	0.20309664	18.6665	12.634664	74.94935	-8.158607	1.0244548e-08	-0.010844196	-1.4901161e-08	-0.006950237	0.16021858	-0.11680795	176.8648	-113.309906	0	0	1.8506122	0.0	0.7597985	0.00981169	3900000	8876.342977762222
130	19.192116	3.4400883	24.481754	7.146446	197.83333	111.75109	418.0	16.0	1000.0	715369.0	0.18202773536895675	1.9986922	0.57665515	3.3179903	-0.13859366	17.647001	11.991133	75.0711	-6.3650327	-6.519258e-09	-0.012483563	2.9802322e-08	0.0087259505	0.18921626	-0.14135239	244.86945	-170.48045	0	0	1.601575	0.0	0.7593227	0.009820261	3930000	8945.262809515
131	21.052608	2.1369255	24.821196	16.865288	140.25	82.72305	326.0	0.0	1000.0	720363.0	0.18190984848484848	2.107645	0.5280022	3.6847832	-0.17506795	17.135618	13.169126	80.19401	-13.806278	1.8626451e-09	-0.012054409	-7.450581e-09	0.0047085565	0.13823593	-0.105939806	197.32678	-131.31635	0	0	1.6891354	0.0	0.759015	0.009850835	3960000	9013.314713954926
132	18.897375	2.5377805	24.614592	13.2381735	152.375	87.18554	361.0	46.0	1000.0	724976.0	0.18169824561403508	2.0416749	0.5014364	3.23118	0.2674864	16.645128	12.392678	77.61265	-14.536375	0.0	-0.011953638	-7.4505806e-08	-0.0028663245	0.12796944	-0.091192305	191.54321	-129.16656	0	0	1.6747639	0.0	0.75948954	0.0098696705	3990000	9081.617947340012
133	21.14661	2.127979	25.069975	17.395203	159.54167	100.524864	393.0	0.0	1000.0	729744.0	0.18152835820895522	2.0534778	0.44058552	3.1326292	0.39018032	14.750139	11.08942	65.541145	-16.42934	-7.450581e-09	-0.0115053095	2.9802322e-08	0.005800195	0.13306387	-0.0887116	149.61426	-101.69091	0	0	1.7575967	0.0	0.7554184	0.009903874	4020000	9149.824278593063
134	20.164087	3.0743132	25.78511	11.856047	160.125	128.93936	442.0	0.0	1000.0	734581.0	0.18137802469135803	2.0504417	0.5098853	3.2784274	-0.009956451	16.868828	13.602517	85.597755	-9.157368	-1.8626451e-08	-0.011274837	5.9604645e-08	0.0006245114	0.14725217	-0.100198366	188.81483	-123.150375	0	0	1.7589445	0.0	0.7468627	0.009963315	4050000	9218.5277094841
135	19.72728	3.619578	26.12953	8.405592	217.91667	107.459656	436.0	52.0	1000.0	740587.0	0.18151642156862746	2.0888503	0.5101246	3.2000065	0.12210484	18.757448	14.28121	90.236	-10.19868	1.9557774e-08	-0.010891756	-7.450581e-09	-0.0023699754	0.13658439	-0.093691394	196.66132	-129.67606	0	0	1.8354307	0.0	0.7436047	0.0098563805	4080000	9286.667164325714
136	21.236816	2.3969543	26.133978	14.455121	180.95833	78.094215	330.0	55.0	1000.0	746265.0	0.18157299270072993	2.090849	0.5101047	3.3039489	0.041444026	19.303373	15.036875	87.95209	-10.712348	-1.3038516e-08	-0.010955373	1.0430813e-07	0.004206026	0.12277189	-0.08358359	176.19833	-114.805954	0	0	1.8536955	0.0	0.7471291	0.009863466	4110000	9354.809773683548
137	20.062904	2.2626522	25.094402	12.905301	187.0	83.66899	373.0	37.0	1000.0	751651.0	0.18155821256038648	2.089106	0.5084135	3.4431434	0.019077882	18.347528	12.281312	84.96121	-8.20378	-1.5832484e-08	-0.011638515	-1.0058284e-07	0.0005372297	0.12213564	-0.08270475	172.87234	-112.73311	0	0	1.7346205	0.0	0.7507353	0.009895407	4140000	9423.126631736755
138	18.866617	3.5223386	23.05667	5.521502	168.875	97.64319	459.0	18.0	1000.0	756576.0	0.18143309352517986	2.0031953	0.5733687	3.1228688	0.07735212	18.014544	12.369275	81.66408	-14.007179	5.5879354e-09	-0.011684371	-2.9802322e-08	0.008596396	0.17923385	-0.123561785	203.54108	-125.158394	0	0	1.6841778	0.0	0.7523535	0.009889007	4170000	9491.517863988876
139	20.02042	3.1834269	25.315434	9.708117	170.5	95.94312	341.0	0.0	1000.0	761855.0	0.18139404761904762	2.0065088	0.543977	3.1142147	-0.21279399	17.717588	13.192989	82.90909	-10.486246	-4.656613e-09	-0.012415074	-4.0978193e-08	0.0032423083	0.1395188	-0.09307447	186.06013	-124.76079	0	0	1.6816125	0.0	0.75470805	0.009870324	4200000	9559.469425439835
140	20.45614	2.6705494	25.789165	16.480362	155.45833	64.03838	265.0	39.0	1000.0	766573.0	0.18122293144208038	2.0400074	0.5511418	3.0949879	-0.2757908	17.528442	13.102348	76.37487	-10.2440405	1.4901161e-08	-0.013047639	-2.2351742e-08	0.011753188	0.14326209	-0.088741876	208.74352	-142.89462	0	0	1.5473849	0.0	0.75697815	0.009794181	4230000	9628.786998271942
141	19.828276	3.307391	24.310537	8.312584	209.54167	87.253456	375.0	63.0	1000.0	772738.0	0.18139389671361503	2.0600374	0.5288601	3.6529398	-0.014027918	17.674713	12.525048	75.05458	-6.5093894	8.381903e-09	-0.010798942	-2.2351742e-08	-0.002739421	0.15685347	-0.109698236	204.88919	-133.05154	0	0	1.8438699	0.0	0.7519569	0.009833757	4260000	9697.280519723892
142	19.327711	3.0894086	22.710283	11.035801	209.29167	116.457596	504.0	26.0	1000.0	778713.0	0.18151818181818183	1.9826756	0.54082316	3.3204322	-0.013842767	19.744087	11.925703	77.02905	-6.1919007	1.0244548e-08	-0.01182814	4.4703484e-08	-0.0060374234	0.14095655	-0.1014746	268.75623	-170.26263	0	0	1.7833291	0.0	0.7516128	0.00962595	4290000	9765.514626979828
143	19.292059	1.9558204	24.077742	16.556442	214.91667	117.50138	529.0	38.0	1000.0	785130.0	0.18174305555555556	2.0090218	0.4972523	3.1672952	-0.023190241	22.059774	13.169671	81.74308	-5.272132	0.0	-0.010718468	5.9604645e-08	0.005945716	0.11814477	-0.07917486	199.3194	-125.183365	0	0	1.8693327	0.0	0.75284755	0.009937387	4320000	9834.184285402298
144	21.23842	2.1770952	24.330612	15.864511	150.41667	79.64186	395.0	14.0	1000.0	789604.0	0.18151816091954023	2.09227	0.46632773	3.1401856	0.42816934	19.513273	13.086422	73.535126	-7.4972634	-7.450581e-09	-0.0122535955	-2.9802322e-08	-0.013071032	0.12444124	-0.081756756	166.67067	-108.86971	0	0	1.6400709	0.0	0.7462826	0.00982087	4350000	9902.395983934402
145	19.288527	4.3221073	26.141375	1.5034444	200.29167	153.60757	748.0	9.0	1000.0	795727.0	0.1816728310502283	2.0549242	0.49914768	3.4546683	0.17801778	16.239706	12.769313	90.0351	-9.104933	3.7252903e-09	-0.01162475	2.9802322e-08	-0.0026441254	0.19702238	-0.1490507	286.50745	-204.53734	0	0	1.7342316	0.0	0.7455151	0.009805065	4380000	9970.97529053688
146	20.752836	1.8453523	25.030441	17.638285	174.75	113.267845	538.0	0.0	1000.0	801363.0	0.18171496598639456	2.0516107	0.5068062	3.184197	0.075208254	20.811464	15.219678	100.455894	-5.5923877	7.450581e-09	-0.011320965	-1.4901161e-08	-0.01786653	0.14940524	-0.10430615	202.48457	-127.483086	0	0	1.7499396	0.0	0.74670047	0.009700121	4410000	10039.680600643158
147	20.112535	2.2131047	23.926497	16.242834	197.16667	100.75989	435.0	48.0	1000.0	807345.0	0.18183445945945945	2.0145783	0.5511074	3.3724174	-0.18720949	19.71372	13.913048	91.64435	-8.2336235	2.142042e-08	-0.0122011155	-8.940697e-08	-0.0049842447	0.15337378	-0.10812642	187.82043	-122.108795	0	0	1.6604054	0.0	0.7504439	0.009842459	4440000	10107.764045238495
148	20.267477	3.3103278	24.22127	7.8719487	181.58333	80.684525	352.0	0.0	1000.0	812610.0	0.18179194630872483	2.09487	0.5043592	3.408171	-0.009537691	19.100391	13.194587	86.09084	-12.469386	7.450581e-09	-0.011317696	8.940697e-08	-0.011772684	0.16783607	-0.11621937	165.96954	-104.06436	0	0	1.8018954	0.0	0.7574471	0.009753692	4470000	10175.840931415558
149	19.694712	2.9497027	24.473335	9.987696	140.08333	72.78102	274.0	23.0	1000.0	817310.0	0.18162444444444445	2.0491176	0.5541431	3.2854753	-0.29221827	17.303951	11.622073	72.49797	-5.247427	-3.7252903e-09	-0.012677822	1.3038516e-07	-0.007244847	0.14842778	-0.103448	193.82202	-121.297935	0	0	1.5908674	0.0	0.76409274	0.009866077	4500000	10243.991382598877
150	20.405775	2.0952723	24.047945	15.702145	177.54167	85.23985	399.0	17.0	1000.0	822738.0	0.18161986754966888	2.0596144	0.48706698	3.2234402	0.120246336	16.42713	12.797963	80.68067	-10.566602	1.8626451e-09	-0.011469577	-6.3329935e-08	0.0014055364	0.13779481	-0.090288565	196.91104	-123.32351	0	0	1.7158494	0.0	0.7668273	0.009822184	4530000	10313.279216527939
151	19.253092	4.079551	22.295734	1.6589949	195.125	97.5215	512.0	74.0	1000.0	828254.0	0.18163464912280702	2.0057914	0.5408041	3.3134131	-0.05358129	17.739206	12.853791	88.41747	-11.700401	-9.313226e-09	-0.012218138	-1.1920929e-07	-0.00883659	0.1451484	-0.10625915	217.61923	-132.77872	0	0	1.6454495	0.0	0.76413155	0.00982224	4560000	10382.021519184113
152	20.059385	2.0810392	24.313738	15.914627	177.54167	98.76233	386.0	0.0	1000.0	833355.0	0.18155882352941177	2.0538461	0.5078676	3.1905124	-0.03708051	18.188793	12.433665	88.31842	-9.909399	7.450581e-09	-0.0112535	-1.1920929e-07	-0.008970766	0.11518501	-0.082267754	189.03442	-120.115944	0	0	1.7583077	0.0	0.76698	0.0098690335	4590000	10450.404749393463
153	20.896135	2.7092347	27.8394	13.212699	189.91667	64.25011	295.0	44.0	1000.0	839082.0	0.18161948051948051	2.05478	0.47261447	3.0471206	-0.3156109	19.028837	13.67364	99.304375	-8.763157	5.5879354e-09	-0.011037111	-4.4703484e-08	-0.0029347937	0.13028407	-0.08815117	192.06244	-122.016304	0	0	1.8111395	0.0	0.76112205	0.009897789	4620000	10518.686304092407
154	20.497164	2.838515	25.464945	10.603224	182.83333	103.22978	399.0	0.0	1000.0	844326.0	0.18157548387096775	2.1474297	0.49052194	3.3873005	0.25186428	17.144686	12.584886	80.78246	-4.997135	-1.8626451e-09	-0.011169903	2.6077032e-08	0.0020829304	0.15804483	-0.11397453	164.52435	-105.263985	0	0	1.7954681	0.0	0.7587463	0.009909437	4650000	10587.319599628448
155	19.893343	3.604146	24.517813	10.5189085	202.41667	95.43536	362.0	28.0	1000.0	850017.0	0.18162756410256412	2.0572255	0.55291784	3.3497524	0.0031888783	20.149164	14.0759	90.1444	-12.809515	2.3283064e-09	-0.0113249915	-2.9802322e-08	-0.008229424	0.17323071	-0.12696403	210.4931	-139.57407	0	0	1.7745532	0.0	0.7587302	0.009877717	4680000	10656.296131372452
156	19.247995	4.1690135	26.20561	7.1903176	194.0	148.6548	560.0	12.0	1000.0	855559.0	0.18164734607218683	2.0059423	0.56851953	3.168343	-0.46254364	18.910091	15.161152	104.853134	-12.113848	0.0	-0.012536483	-1.1920929e-07	-0.0031609759	0.19847426	-0.14617723	175.02325	-113.087006	0	0	1.6129661	0.0	0.75695604	0.009755788	4710000	10724.982185840607
157	20.173304	3.049431	26.623493	11.17534	205.41667	104.56613	496.0	28.0	1000.0	862081.0	0.18187362869198312	2.0113497	0.5403278	3.2024605	-0.1153894	21.111792	15.686857	92.90918	-9.420372	2.3283064e-09	-0.011402598	-1.7881393e-07	0.0029618777	0.15144087	-0.114805385	254.21361	-166.16751	0	0	1.7798145	0.0	0.7500413	0.009639194	4740000	10793.680541753769
158	20.463646	2.1146371	24.897251	16.348513	213.45833	118.36032	532.0	7.0	1000.0	868053.0	0.1819817610062893	2.1055462	0.479757	3.1300747	0.2745455	21.002249	13.629433	90.54144	-5.4949045	-1.21071935e-08	-0.011864263	5.9604645e-08	-0.0031112144	0.11192256	-0.077468574	205.83795	-129.23503	0	0	1.6812791	0.0	0.7503815	0.009776228	4770000	10862.171952009201
159	19.613506	3.8528965	25.849174	10.880793	203.25	102.63781	410.0	42.0	1000.0	874032.0	0.18209	2.0406837	0.5055392	3.2802737	-0.11320081	22.345282	13.848061	80.236015	-10.705612	0.0	-0.01200935	-1.6577542e-07	0.006537889	0.16254793	-0.11104336	185.13953	-118.74769	0	0	1.6864307	0.0	0.74769515	0.009811039	4800000	10931.007178068161
160	19.845251	2.8586197	26.36881	12.775236	201.33333	114.61881	492.0	0.0	1000.0	880134.0	0.1822223602484472	2.0066557	0.5708471	3.6512988	-0.39369744	21.19913	13.655513	84.539345	-10.466888	0.0	-0.010423704	6.7055225e-08	-0.0035958812	0.18092033	-0.13223346	196.99323	-128.25621	0	0	1.8668766	0.0	0.74247175	0.009766696	4830000	11000.871467351913
161	20.085976	2.818256	24.566235	9.88133	201.45833	115.78392	555.0	38.0	1000.0	885639.0	0.18223024691358025	2.0689976	0.4976546	3.3351946	-0.084624454	18.429209	12.702277	80.151825	-5.34134	-1.3038516e-08	-0.010823557	-1.4901161e-07	-0.011895861	0.11600906	-0.078007996	200.01874	-127.442154	0	0	1.808053	0.0	0.7374344	0.009825425	4860000	11068.977063655853
162	20.326582	2.6094518	25.064835	14.143282	135.375	74.14165	305.0	6.0	1000.0	889733.0	0.18194948875255623	2.062396	0.53386897	3.2050357	-0.19448067	17.265131	12.787247	75.729515	-9.430982	-7.450581e-09	-0.011116297	0.0	-0.010926353	0.13989124	-0.09616281	148.36423	-97.48629	0	0	1.7702088	0.0	0.73963195	0.009910384	4890000	11137.249640464783
163	19.834688	2.5966845	23.855083	11.288591	181.75	105.88408	401.0	53.0	1000.0	895234.0	0.18195813008130082	2.0554998	0.5096607	3.3676114	0.002904795	15.749671	12.034423	76.71136	-10.460745	9.313226e-09	-0.011786118	2.9802322e-08	-0.0060563944	0.112959825	-0.07638098	183.82312	-120.80944	0	0	1.6881317	0.0	0.7310667	0.0097761415	4920000	11205.459481954575
164	20.92843	2.3393896	26.0535	17.069702	208.875	103.12748	417.0	0.0	1000.0	901031.0	0.18202646464646466	2.0913188	0.4791168	3.1340427	0.16575259	18.902796	13.20028	78.65623	-8.643793	-1.8626451e-09	-0.012557283	3.7252903e-08	0.004229388	0.10892818	-0.06551217	186.3164	-112.05493	0	0	1.599051	0.0	0.7329752	0.009842745	4950000	11273.687854290009
